448.140000  1.705191e-11
448.160000  1.720137e-11
448.180000  1.735140e-11
448.200000  1.750115e-11
448.220000  1.764991e-11
448.240000  1.779713e-11
448.260000  1.794244e-11
448.280000  1.808562e-11
448.300000  1.822660e-11
448.320000  1.836541e-11
448.340000  1.850214e-11
448.360000  1.863695e-11
448.380000  1.877004e-11
448.400000  1.890161e-11
448.420000  1.903187e-11
448.440000  1.916102e-11
448.460000  1.928926e-11
448.480000  1.941678e-11
448.500000  1.954375e-11
448.520000  1.967032e-11
448.540000  1.979664e-11
448.560000  1.992284e-11
448.580000  2.004904e-11
448.600000  2.017536e-11
448.620000  2.030189e-11
448.640000  2.042873e-11
448.660000  2.055594e-11
448.680000  2.068362e-11
448.700000  2.081183e-11
448.720000  2.094064e-11
448.740000  2.107010e-11
448.760000  2.120026e-11
448.780000  2.133119e-11
448.800000  2.146292e-11
448.820000  2.159550e-11
448.840000  2.172898e-11
448.860000  2.186339e-11
448.880000  2.199877e-11
448.900000  2.213516e-11
448.920000  2.227259e-11
448.940000  2.241111e-11
448.960000  2.255073e-11
448.980000  2.269150e-11
449.000000  2.283344e-11
449.020000  2.297659e-11
449.040000  2.312098e-11
449.060000  2.326664e-11
449.080000  2.341361e-11
449.100000  2.356190e-11
449.120000  2.371155e-11
449.140000  2.386260e-11
449.160000  2.401507e-11
449.180000  2.416900e-11
449.200000  2.432442e-11
449.220000  2.448136e-11
449.240000  2.463985e-11
449.260000  2.479993e-11
449.280000  2.496163e-11
449.300000  2.512498e-11
449.320000  2.529003e-11
449.340000  2.545680e-11
449.360000  2.562533e-11
449.380000  2.579566e-11
449.400000  2.596782e-11
449.420000  2.614186e-11
449.440000  2.631781e-11
449.460000  2.649572e-11
449.480000  2.667561e-11
449.500000  2.685754e-11
449.520000  2.704155e-11
449.540000  2.722767e-11
449.560000  2.741595e-11
449.580000  2.760644e-11
449.600000  2.779918e-11
449.620000  2.799421e-11
449.640000  2.819159e-11
449.660000  2.839136e-11
449.680000  2.859357e-11
449.700000  2.879826e-11
449.720000  2.900550e-11
449.740000  2.921533e-11
449.760000  2.942780e-11
449.780000  2.964296e-11
449.800000  2.986087e-11
449.820000  3.008159e-11
449.840000  3.030517e-11
449.860000  3.053167e-11
449.880000  3.076114e-11
449.900000  3.099365e-11
449.920000  3.122924e-11
449.940000  3.146799e-11
449.960000  3.170996e-11
449.980000  3.195519e-11
450.000000  3.220377e-11
450.020000  3.245575e-11
450.040000  3.271120e-11
450.060000  3.297018e-11
450.080000  3.323277e-11
450.100000  3.349902e-11
450.120000  3.376900e-11
450.140000  3.404280e-11
450.160000  3.432047e-11
450.180000  3.460209e-11
450.200000  3.488773e-11
450.220000  3.517746e-11
450.240000  3.547137e-11
450.260000  3.576952e-11
450.280000  3.607199e-11
450.300000  3.637887e-11
450.320000  3.669021e-11
450.340000  3.700612e-11
450.360000  3.732666e-11
450.380000  3.765192e-11
450.400000  3.798198e-11
450.420000  3.831692e-11
450.440000  3.865682e-11
450.460000  3.900178e-11
450.480000  3.935187e-11
450.500000  3.970717e-11
450.520000  4.006779e-11
450.540000  4.043379e-11
450.560000  4.080528e-11
450.580000  4.118233e-11
450.600000  4.156504e-11
450.620000  4.195350e-11
450.640000  4.234780e-11
450.660000  4.274802e-11
450.680000  4.315426e-11
450.700000  4.356662e-11
450.720000  4.398518e-11
450.740000  4.441004e-11
450.760000  4.484129e-11
450.780000  4.527903e-11
450.800000  4.572336e-11
450.820000  4.617436e-11
450.840000  4.663215e-11
450.860000  4.709681e-11
450.880000  4.756845e-11
450.900000  4.804717e-11
450.920000  4.853306e-11
450.940000  4.902624e-11
450.960000  4.952679e-11
450.980000  5.003484e-11
451.000000  5.055047e-11
451.020000  5.107380e-11
451.040000  5.160494e-11
451.060000  5.214398e-11
451.080000  5.269104e-11
451.100000  5.324624e-11
451.120000  5.380966e-11
451.140000  5.438144e-11
451.160000  5.496168e-11
451.180000  5.555049e-11
451.200000  5.614798e-11
451.220000  5.675427e-11
451.240000  5.736947e-11
451.260000  5.799370e-11
451.280000  5.862708e-11
451.300000  5.926971e-11
451.320000  5.992172e-11
451.340000  6.058323e-11
451.360000  6.125435e-11
451.380000  6.193520e-11
451.400000  6.262590e-11
451.420000  6.332657e-11
451.440000  6.403733e-11
451.460000  6.475831e-11
451.480000  6.548962e-11
451.500000  6.623139e-11
451.520000  6.698374e-11
451.540000  6.774679e-11
451.560000  6.852067e-11
451.580000  6.930550e-11
451.600000  7.010141e-11
451.620000  7.090851e-11
451.640000  7.172694e-11
451.660000  7.255681e-11
451.680000  7.339825e-11
451.700000  7.425139e-11
451.720000  7.511635e-11
451.740000  7.599324e-11
451.760000  7.688219e-11
451.780000  7.778333e-11
451.800000  7.869677e-11
451.820000  7.962262e-11
451.840000  8.056102e-11
451.860000  8.151207e-11
451.880000  8.247589e-11
451.900000  8.345259e-11
451.920000  8.444229e-11
451.940000  8.544509e-11
451.960000  8.646110e-11
451.980000  8.749043e-11
452.000000  8.853318e-11
452.020000  8.958945e-11
452.040000  9.065933e-11
452.060000  9.174294e-11
452.080000  9.284034e-11
452.100000  9.395164e-11
452.120000  9.507693e-11
452.140000  9.621627e-11
452.160000  9.736976e-11
452.180000  9.853746e-11
452.200000  9.971945e-11
452.220000  1.009158e-10
452.240000  1.021266e-10
452.260000  1.033518e-10
452.280000  1.045916e-10
452.300000  1.058459e-10
452.320000  1.071149e-10
452.340000  1.083985e-10
452.360000  1.096969e-10
452.380000  1.110099e-10
452.400000  1.123377e-10
452.420000  1.136803e-10
452.440000  1.150376e-10
452.460000  1.164097e-10
452.480000  1.177966e-10
452.500000  1.191982e-10
452.520000  1.206146e-10
452.540000  1.220457e-10
452.560000  1.234916e-10
452.580000  1.249520e-10
452.600000  1.264271e-10
452.620000  1.279167e-10
452.640000  1.294208e-10
452.660000  1.309393e-10
452.680000  1.324721e-10
452.700000  1.340191e-10
452.720000  1.355802e-10
452.740000  1.371554e-10
452.760000  1.387444e-10
452.780000  1.403471e-10
452.800000  1.419634e-10
452.820000  1.435931e-10
452.840000  1.452360e-10
452.860000  1.468920e-10
452.880000  1.485609e-10
452.900000  1.502425e-10
452.920000  1.519364e-10
452.940000  1.536426e-10
452.960000  1.553608e-10
452.980000  1.570906e-10
453.000000  1.588319e-10
453.020000  1.605844e-10
453.040000  1.623478e-10
453.060000  1.641217e-10
453.080000  1.659060e-10
453.100000  1.677001e-10
453.120000  1.695039e-10
453.140000  1.713169e-10
453.160000  1.731389e-10
453.180000  1.749694e-10
453.200000  1.768080e-10
453.220000  1.786544e-10
453.240000  1.805081e-10
453.260000  1.823688e-10
453.280000  1.842359e-10
453.300000  1.861092e-10
453.320000  1.879881e-10
453.340000  1.898721e-10
453.360000  1.917609e-10
453.380000  1.936539e-10
453.400000  1.955507e-10
453.420000  1.974507e-10
453.440000  1.993535e-10
453.460000  2.012586e-10
453.480000  2.031655e-10
453.500000  2.050737e-10
453.520000  2.069826e-10
453.540000  2.088917e-10
453.560000  2.108006e-10
453.580000  2.127087e-10
453.600000  2.146154e-10
453.620000  2.165204e-10
453.640000  2.184229e-10
453.660000  2.203226e-10
453.680000  2.222188e-10
453.700000  2.241112e-10
453.720000  2.259990e-10
453.740000  2.278819e-10
453.760000  2.297594e-10
453.780000  2.316308e-10
453.800000  2.334957e-10
453.820000  2.353537e-10
453.840000  2.372042e-10
453.860000  2.390467e-10
453.880000  2.408809e-10
453.900000  2.427061e-10
453.920000  2.445221e-10
453.940000  2.463282e-10
453.960000  2.481242e-10
453.980000  2.499096e-10
454.000000  2.516841e-10
454.020000  2.534471e-10
454.040000  2.551985e-10
454.060000  2.569378e-10
454.080000  2.586647e-10
454.100000  2.603788e-10
454.120000  2.620800e-10
454.140000  2.637680e-10
454.160000  2.654424e-10
454.180000  2.671031e-10
454.200000  2.687497e-10
454.220000  2.703823e-10
454.240000  2.720004e-10
454.260000  2.736041e-10
454.280000  2.751931e-10
454.300000  2.767673e-10
454.320000  2.783266e-10
454.340000  2.798710e-10
454.360000  2.814004e-10
454.380000  2.829148e-10
454.400000  2.844140e-10
454.420000  2.858982e-10
454.440000  2.873673e-10
454.460000  2.888213e-10
454.480000  2.902604e-10
454.500000  2.916845e-10
454.520000  2.930939e-10
454.540000  2.944884e-10
454.560000  2.958684e-10
454.580000  2.972340e-10
454.600000  2.985851e-10
454.620000  2.999222e-10
454.640000  3.012453e-10
454.660000  3.025546e-10
454.680000  3.038503e-10
454.700000  3.051327e-10
454.720000  3.064020e-10
454.740000  3.076585e-10
454.760000  3.089023e-10
454.780000  3.101338e-10
454.800000  3.113533e-10
454.820000  3.125610e-10
454.840000  3.137572e-10
454.860000  3.149423e-10
454.880000  3.161165e-10
454.900000  3.172803e-10
454.920000  3.184340e-10
454.940000  3.195778e-10
454.960000  3.207122e-10
454.980000  3.218375e-10
455.000000  3.229542e-10
455.020000  3.240626e-10
455.040000  3.251630e-10
455.060000  3.262560e-10
455.080000  3.273419e-10
455.100000  3.284210e-10
455.120000  3.294940e-10
455.140000  3.305610e-10
455.160000  3.316227e-10
455.180000  3.326793e-10
455.200000  3.337313e-10
455.220000  3.347792e-10
455.240000  3.358234e-10
455.260000  3.368642e-10
455.280000  3.379021e-10
455.300000  3.389375e-10
455.320000  3.399709e-10
455.340000  3.410026e-10
455.360000  3.420330e-10
455.380000  3.430625e-10
455.400000  3.440916e-10
455.420000  3.451206e-10
455.440000  3.461498e-10
455.460000  3.471797e-10
455.480000  3.482107e-10
455.500000  3.492430e-10
455.520000  3.502771e-10
455.540000  3.513133e-10
455.560000  3.523519e-10
455.580000  3.533932e-10
455.600000  3.544375e-10
455.620000  3.554853e-10
455.640000  3.565367e-10
455.660000  3.575922e-10
455.680000  3.586520e-10
455.700000  3.597165e-10
455.720000  3.607859e-10
455.740000  3.618604e-10
455.760000  3.629405e-10
455.780000  3.640263e-10
455.800000  3.651182e-10
455.820000  3.662163e-10
455.840000  3.673210e-10
455.860000  3.684324e-10
455.880000  3.695508e-10
455.900000  3.706765e-10
455.920000  3.718097e-10
455.940000  3.729505e-10
455.960000  3.740992e-10
455.980000  3.752561e-10
456.000000  3.764212e-10
456.020000  3.775949e-10
456.040000  3.787771e-10
456.060000  3.799683e-10
456.080000  3.811684e-10
456.100000  3.823777e-10
456.120000  3.835963e-10
456.140000  3.848243e-10
456.160000  3.860618e-10
456.180000  3.873091e-10
456.200000  3.885661e-10
456.220000  3.898329e-10
456.240000  3.911097e-10
456.260000  3.923965e-10
456.280000  3.936933e-10
456.300000  3.950002e-10
456.320000  3.963172e-10
456.340000  3.976443e-10
456.360000  3.989816e-10
456.380000  4.003290e-10
456.400000  4.016866e-10
456.420000  4.030542e-10
456.440000  4.044319e-10
456.460000  4.058195e-10
456.480000  4.072171e-10
456.500000  4.086246e-10
456.520000  4.100419e-10
456.540000  4.114689e-10
456.560000  4.129054e-10
456.580000  4.143515e-10
456.600000  4.158069e-10
456.620000  4.172716e-10
456.640000  4.187454e-10
456.660000  4.202281e-10
456.680000  4.217196e-10
456.700000  4.232197e-10
456.720000  4.247283e-10
456.740000  4.262452e-10
456.760000  4.277701e-10
456.780000  4.293030e-10
456.800000  4.308436e-10
456.820000  4.323917e-10
456.840000  4.339471e-10
456.860000  4.355096e-10
456.880000  4.370790e-10
456.900000  4.386551e-10
456.920000  4.402376e-10
456.940000  4.418262e-10
456.960000  4.434208e-10
456.980000  4.450211e-10
457.000000  4.466268e-10
457.020000  4.482376e-10
457.040000  4.498533e-10
457.060000  4.514736e-10
457.080000  4.530981e-10
457.100000  4.547267e-10
457.120000  4.563590e-10
457.140000  4.579946e-10
457.160000  4.596333e-10
457.180000  4.612747e-10
457.200000  4.629185e-10
457.220000  4.645645e-10
457.240000  4.662121e-10
457.260000  4.678612e-10
457.280000  4.695113e-10
457.300000  4.711621e-10
457.320000  4.728133e-10
457.340000  4.744644e-10
457.360000  4.761152e-10
457.380000  4.777652e-10
457.400000  4.794141e-10
457.420000  4.810616e-10
457.440000  4.827072e-10
457.460000  4.843507e-10
457.480000  4.859915e-10
457.500000  4.876285e-10
457.520000  4.892621e-10
457.540000  4.908920e-10
457.560000  4.925178e-10
457.580000  4.941392e-10
457.600000  4.957557e-10
457.620000  4.973669e-10
457.640000  4.989724e-10
457.660000  5.005718e-10
457.680000  5.021648e-10
457.700000  5.037508e-10
457.720000  5.053294e-10
457.740000  5.069003e-10
457.760000  5.084629e-10
457.780000  5.100169e-10
457.800000  5.115618e-10
457.820000  5.130971e-10
457.840000  5.146225e-10
457.860000  5.161373e-10
457.880000  5.176413e-10
457.900000  5.191339e-10
457.920000  5.206147e-10
457.940000  5.220832e-10
457.960000  5.235390e-10
457.980000  5.249816e-10
458.000000  5.264106e-10
458.020000  5.278256e-10
458.040000  5.292260e-10
458.060000  5.306115e-10
458.080000  5.319815e-10
458.100000  5.333358e-10
458.120000  5.346737e-10
458.140000  5.359950e-10
458.160000  5.372991e-10
458.180000  5.385856e-10
458.200000  5.398542e-10
458.220000  5.411044e-10
458.240000  5.423357e-10
458.260000  5.435478e-10
458.280000  5.447402e-10
458.300000  5.459125e-10
458.320000  5.470644e-10
458.340000  5.481954e-10
458.360000  5.493051e-10
458.380000  5.503931e-10
458.400000  5.514590e-10
458.420000  5.525024e-10
458.440000  5.535229e-10
458.460000  5.545200e-10
458.480000  5.554934e-10
458.500000  5.564427e-10
458.520000  5.573673e-10
458.540000  5.582670e-10
458.560000  5.591412e-10
458.580000  5.599896e-10
458.600000  5.608117e-10
458.620000  5.616071e-10
458.640000  5.623754e-10
458.660000  5.631161e-10
458.680000  5.638289e-10
458.700000  5.645132e-10
458.720000  5.651687e-10
458.740000  5.657950e-10
458.760000  5.663912e-10
458.780000  5.669573e-10
458.800000  5.674929e-10
458.820000  5.679978e-10
458.840000  5.684714e-10
458.860000  5.689135e-10
458.880000  5.693236e-10
458.900000  5.697015e-10
458.920000  5.700468e-10
458.940000  5.703593e-10
458.960000  5.706386e-10
458.980000  5.708844e-10
459.000000  5.710965e-10
459.020000  5.712747e-10
459.040000  5.714187e-10
459.060000  5.715282e-10
459.080000  5.716032e-10
459.100000  5.716432e-10
459.120000  5.716483e-10
459.140000  5.716181e-10
459.160000  5.715525e-10
459.180000  5.714514e-10
459.200000  5.713145e-10
459.220000  5.711419e-10
459.240000  5.709332e-10
459.260000  5.706885e-10
459.280000  5.704077e-10
459.300000  5.700905e-10
459.320000  5.697371e-10
459.340000  5.693472e-10
459.360000  5.689209e-10
459.380000  5.684582e-10
459.400000  5.679591e-10
459.420000  5.674235e-10
459.440000  5.668515e-10
459.460000  5.662431e-10
459.480000  5.655986e-10
459.500000  5.649178e-10
459.520000  5.642011e-10
459.540000  5.634484e-10
459.560000  5.626601e-10
459.580000  5.618363e-10
459.600000  5.609771e-10
459.620000  5.600830e-10
459.640000  5.591541e-10
459.660000  5.581907e-10
459.680000  5.571931e-10
459.700000  5.561618e-10
459.720000  5.550970e-10
459.740000  5.539991e-10
459.760000  5.528686e-10
459.780000  5.517058e-10
459.800000  5.505112e-10
459.820000  5.492852e-10
459.840000  5.480282e-10
459.860000  5.467407e-10
459.880000  5.454232e-10
459.900000  5.440761e-10
459.920000  5.426999e-10
459.940000  5.412951e-10
459.960000  5.398622e-10
459.980000  5.384017e-10
460.000000  5.369140e-10
460.020000  5.353997e-10
460.040000  5.338593e-10
460.060000  5.322933e-10
460.080000  5.307022e-10
460.100000  5.290865e-10
460.120000  5.274468e-10
460.140000  5.257836e-10
460.160000  5.240973e-10
460.180000  5.223886e-10
460.200000  5.206579e-10
460.220000  5.189058e-10
460.240000  5.171328e-10
460.260000  5.153394e-10
460.280000  5.135262e-10
460.300000  5.116936e-10
460.320000  5.098424e-10
460.340000  5.079728e-10
460.360000  5.060856e-10
460.380000  5.041813e-10
460.400000  5.022603e-10
460.420000  5.003233e-10
460.440000  4.983707e-10
460.460000  4.964031e-10
460.480000  4.944209e-10
460.500000  4.924249e-10
460.520000  4.904153e-10
460.540000  4.883928e-10
460.560000  4.863578e-10
460.580000  4.843109e-10
460.600000  4.822524e-10
460.620000  4.801831e-10
460.640000  4.781031e-10
460.660000  4.760132e-10
460.680000  4.739138e-10
460.700000  4.718052e-10
460.720000  4.696881e-10
460.740000  4.675628e-10
460.760000  4.654300e-10
460.780000  4.632899e-10
460.800000  4.611431e-10
460.820000  4.589901e-10
460.840000  4.568313e-10
460.860000  4.546672e-10
460.880000  4.524982e-10
460.900000  4.503248e-10
460.920000  4.481474e-10
460.940000  4.459665e-10
460.960000  4.437825e-10
460.980000  4.415959e-10
461.000000  4.394070e-10
461.020000  4.372163e-10
461.040000  4.350242e-10
461.060000  4.328311e-10
461.080000  4.306374e-10
461.100000  4.284435e-10
461.120000  4.262498e-10
461.140000  4.240567e-10
461.160000  4.218645e-10
461.180000  4.196737e-10
461.200000  4.174846e-10
461.220000  4.152976e-10
461.240000  4.131130e-10
461.260000  4.109312e-10
461.280000  4.087526e-10
461.300000  4.065775e-10
461.320000  4.044062e-10
461.340000  4.022391e-10
461.360000  4.000766e-10
461.380000  3.979159e-10
461.400000  3.957604e-10
461.420000  3.936105e-10
461.440000  3.914665e-10
461.460000  3.893288e-10
461.480000  3.871976e-10
461.500000  3.850732e-10
461.520000  3.829561e-10
461.540000  3.808465e-10
461.560000  3.787447e-10
461.580000  3.766510e-10
461.600000  3.745658e-10
461.620000  3.724893e-10
461.640000  3.704218e-10
461.660000  3.683636e-10
461.680000  3.663150e-10
461.700000  3.642763e-10
461.720000  3.622476e-10
461.740000  3.602294e-10
461.760000  3.582217e-10
461.780000  3.562250e-10
461.800000  3.542393e-10
461.820000  3.522651e-10
461.840000  3.503024e-10
461.860000  3.483516e-10
461.880000  3.464128e-10
461.900000  3.444864e-10
461.920000  3.425728e-10
461.940000  3.406724e-10
461.960000  3.387859e-10
461.980000  3.369138e-10
462.000000  3.350565e-10
462.020000  3.332139e-10
462.040000  3.313861e-10
462.060000  3.295732e-10
462.080000  3.277756e-10
462.100000  3.259934e-10
462.120000  3.242262e-10
462.140000  3.224735e-10
462.160000  3.207342e-10
462.180000  3.190079e-10
462.200000  3.172946e-10
462.220000  3.155948e-10
462.240000  3.139090e-10
462.260000  3.122379e-10
462.280000  3.105820e-10
462.300000  3.089415e-10
462.320000  3.073169e-10
462.340000  3.057085e-10
462.360000  3.041165e-10
462.380000  3.025409e-10
462.400000  3.009821e-10
462.420000  2.994400e-10
462.440000  2.979147e-10
462.460000  2.964063e-10
462.480000  2.949149e-10
462.500000  2.934406e-10
462.520000  2.919834e-10
462.540000  2.905433e-10
462.560000  2.891203e-10
462.580000  2.877146e-10
462.600000  2.863260e-10
462.620000  2.849546e-10
462.640000  2.836003e-10
462.660000  2.822631e-10
462.680000  2.809428e-10
462.700000  2.796396e-10
462.720000  2.783531e-10
462.740000  2.770833e-10
462.760000  2.758301e-10
462.780000  2.745933e-10
462.800000  2.733726e-10
462.820000  2.721680e-10
462.840000  2.709791e-10
462.860000  2.698057e-10
462.880000  2.686474e-10
462.900000  2.675040e-10
462.920000  2.663750e-10
462.940000  2.652602e-10
462.960000  2.641589e-10
462.980000  2.630707e-10
463.000000  2.619951e-10
463.020000  2.609315e-10
463.040000  2.598792e-10
463.060000  2.588376e-10
463.080000  2.578058e-10
463.100000  2.567831e-10
463.120000  2.557684e-10
463.140000  2.547610e-10
463.160000  2.537595e-10
463.180000  2.527629e-10
463.200000  2.517699e-10
463.220000  2.507791e-10
463.240000  2.497889e-10
463.260000  2.487977e-10
463.280000  2.478035e-10
463.300000  2.468044e-10
463.320000  2.457981e-10
463.340000  2.447820e-10
463.360000  2.437535e-10
463.380000  2.427096e-10
463.400000  2.416468e-10
463.420000  2.405614e-10
463.440000  2.394493e-10
463.460000  2.383059e-10
463.480000  2.371262e-10
463.500000  2.359044e-10
463.520000  2.346343e-10
463.540000  2.333089e-10
463.560000  2.319206e-10
463.580000  2.304609e-10
463.600000  2.289204e-10
463.620000  2.272890e-10
463.640000  2.255556e-10
463.660000  2.237085e-10
463.680000  2.217352e-10
463.700000  2.196228e-10
463.720000  2.173587e-10
463.740000  2.149306e-10
463.760000  2.123279e-10
463.780000  2.095424e-10
463.800000  2.065700e-10
463.820000  2.034122e-10
463.840000  2.000776e-10
463.860000  1.965832e-10
463.880000  1.929555e-10
463.900000  1.892301e-10
463.920000  1.854508e-10
467.600000  1.816662e-10
467.620000  1.779273e-10
467.640000  1.742828e-10
467.660000  1.707760e-10
467.680000  1.674422e-10
467.700000  1.643075e-10
467.720000  1.613885e-10
467.740000  1.586932e-10
467.760000  1.562226e-10
467.780000  1.539719e-10
467.800000  1.519326e-10
467.820000  1.500935e-10
467.840000  1.484421e-10
467.860000  1.469651e-10
467.880000  1.456494e-10
467.900000  1.444820e-10
467.920000  1.434511e-10
467.940000  1.425452e-10
467.960000  1.417539e-10
467.980000  1.410678e-10
468.000000  1.404781e-10
468.020000  1.399771e-10
468.040000  1.395577e-10
468.060000  1.392134e-10
468.080000  1.389385e-10
468.100000  1.387279e-10
468.120000  1.385768e-10
468.140000  1.384810e-10
468.160000  1.384367e-10
468.180000  1.384405e-10
468.200000  1.384892e-10
468.220000  1.385801e-10
468.240000  1.387105e-10
468.260000  1.388782e-10
468.280000  1.390809e-10
468.300000  1.393169e-10
468.320000  1.395843e-10
468.340000  1.398814e-10
468.360000  1.402069e-10
468.380000  1.405594e-10
468.400000  1.409376e-10
468.420000  1.413404e-10
468.440000  1.417667e-10
468.460000  1.422155e-10
468.480000  1.426861e-10
468.500000  1.431775e-10
468.520000  1.436890e-10
468.540000  1.442201e-10
468.560000  1.447700e-10
468.580000  1.453382e-10
468.600000  1.459241e-10
468.620000  1.465274e-10
468.640000  1.471475e-10
468.660000  1.477840e-10
468.680000  1.484366e-10
468.700000  1.491048e-10
468.720000  1.497884e-10
468.740000  1.504869e-10
468.760000  1.512000e-10
468.780000  1.519275e-10
468.800000  1.526688e-10
468.820000  1.534238e-10
468.840000  1.541920e-10
468.860000  1.549731e-10
468.880000  1.557669e-10
468.900000  1.565729e-10
468.920000  1.573909e-10
468.940000  1.582208e-10
468.960000  1.590624e-10
468.980000  1.599155e-10
469.000000  1.607802e-10
469.020000  1.616565e-10
469.040000  1.625446e-10
469.060000  1.634444e-10
469.080000  1.643563e-10
469.100000  1.652805e-10
469.120000  1.662172e-10
469.140000  1.671668e-10
469.160000  1.681298e-10
469.180000  1.691066e-10
469.200000  1.700977e-10
469.220000  1.711038e-10
469.240000  1.721254e-10
469.260000  1.731633e-10
469.280000  1.742181e-10
469.300000  1.752908e-10
469.320000  1.763820e-10
469.340000  1.774927e-10
469.360000  1.786236e-10
469.380000  1.797757e-10
469.400000  1.809498e-10
469.420000  1.821468e-10
469.440000  1.833675e-10
469.460000  1.846129e-10
469.480000  1.858837e-10
469.500000  1.871806e-10
469.520000  1.885046e-10
469.540000  1.898561e-10
469.560000  1.912357e-10
469.580000  1.926441e-10
469.600000  1.940814e-10
469.620000  1.955480e-10
469.640000  1.970438e-10
469.660000  1.985688e-10
469.680000  2.001226e-10
469.700000  2.017049e-10
469.720000  2.033151e-10
469.740000  2.049523e-10
469.760000  2.066156e-10
469.780000  2.083037e-10
469.800000  2.100152e-10
469.820000  2.117485e-10
469.840000  2.135018e-10
469.860000  2.152731e-10
469.880000  2.170603e-10
469.900000  2.188609e-10
469.920000  2.206726e-10
469.940000  2.224926e-10
469.960000  2.243183e-10
469.980000  2.261468e-10
470.000000  2.279754e-10
470.020000  2.298016e-10
470.040000  2.316228e-10
470.060000  2.334368e-10
470.080000  2.352414e-10
470.100000  2.370350e-10
470.120000  2.388162e-10
470.140000  2.405841e-10
470.160000  2.423384e-10
470.180000  2.440791e-10
470.200000  2.458070e-10
470.220000  2.475233e-10
470.240000  2.492297e-10
470.260000  2.509285e-10
470.280000  2.526221e-10
470.300000  2.543134e-10
470.320000  2.560055e-10
470.340000  2.577017e-10
470.360000  2.594052e-10
470.380000  2.611192e-10
470.400000  2.628470e-10
470.420000  2.645915e-10
470.440000  2.663556e-10
470.460000  2.681416e-10
470.480000  2.699518e-10
470.500000  2.717881e-10
470.520000  2.736520e-10
470.540000  2.755448e-10
470.560000  2.774671e-10
470.580000  2.794197e-10
470.600000  2.814027e-10
470.620000  2.834160e-10
470.640000  2.854594e-10
470.660000  2.875323e-10
470.680000  2.896342e-10
470.700000  2.917641e-10
470.720000  2.939212e-10
470.740000  2.961045e-10
470.760000  2.983132e-10
470.780000  3.005462e-10
470.800000  3.028029e-10
470.820000  3.050824e-10
470.840000  3.073843e-10
470.860000  3.097081e-10
470.880000  3.120538e-10
470.900000  3.144214e-10
470.920000  3.168112e-10
470.940000  3.192238e-10
470.960000  3.216599e-10
470.980000  3.241204e-10
471.000000  3.266067e-10
471.020000  3.291202e-10
471.040000  3.316621e-10
471.060000  3.342343e-10
471.080000  3.368381e-10
471.100000  3.394753e-10
471.120000  3.421475e-10
471.140000  3.448565e-10
471.160000  3.476040e-10
471.180000  3.503918e-10
471.200000  3.532217e-10
471.220000  3.560955e-10
471.240000  3.590149e-10
471.260000  3.619818e-10
471.280000  3.649976e-10
471.300000  3.680640e-10
471.320000  3.711822e-10
471.340000  3.743535e-10
471.360000  3.775787e-10
471.380000  3.808587e-10
471.400000  3.841939e-10
471.420000  3.875846e-10
471.440000  3.910311e-10
471.460000  3.945332e-10
471.480000  3.980908e-10
471.500000  4.017039e-10
471.520000  4.053725e-10
471.540000  4.090968e-10
471.560000  4.128773e-10
471.580000  4.167146e-10
471.600000  4.206096e-10
471.620000  4.245634e-10
471.640000  4.285771e-10
471.660000  4.326521e-10
471.680000  4.367897e-10
471.700000  4.409913e-10
471.720000  4.452584e-10
471.740000  4.495923e-10
471.760000  4.539946e-10
471.780000  4.584669e-10
471.800000  4.630107e-10
471.820000  4.676277e-10
471.840000  4.723196e-10
471.860000  4.770883e-10
471.880000  4.819354e-10
471.900000  4.868628e-10
471.920000  4.918723e-10
471.940000  4.969656e-10
471.960000  5.021443e-10
471.980000  5.074097e-10
472.000000  5.127633e-10
472.020000  5.182062e-10
472.040000  5.237397e-10
472.060000  5.293647e-10
472.080000  5.350824e-10
472.100000  5.408937e-10
472.120000  5.467995e-10
472.140000  5.528009e-10
472.160000  5.588990e-10
472.180000  5.650949e-10
472.200000  5.713901e-10
472.220000  5.777860e-10
472.240000  5.842842e-10
472.260000  5.908867e-10
472.280000  5.975952e-10
472.300000  6.044119e-10
472.320000  6.113386e-10
472.340000  6.183774e-10
472.360000  6.255302e-10
472.380000  6.327991e-10
472.400000  6.401859e-10
472.420000  6.476923e-10
472.440000  6.553202e-10
472.460000  6.630710e-10
472.480000  6.709464e-10
472.500000  6.789480e-10
472.520000  6.870771e-10
472.540000  6.953355e-10
472.560000  7.037247e-10
472.580000  7.122463e-10
472.600000  7.209019e-10
472.620000  7.296932e-10
472.640000  7.386218e-10
472.660000  7.476893e-10
472.680000  7.568974e-10
472.700000  7.662479e-10
472.720000  7.757423e-10
472.740000  7.853823e-10
472.760000  7.951695e-10
472.780000  8.051057e-10
472.800000  8.151924e-10
472.820000  8.254313e-10
472.840000  8.358240e-10
472.860000  8.463721e-10
472.880000  8.570772e-10
472.900000  8.679410e-10
472.920000  8.789651e-10
472.940000  8.901513e-10
472.960000  9.015011e-10
472.980000  9.130163e-10
473.000000  9.246985e-10
473.020000  9.365495e-10
473.040000  9.485711e-10
473.060000  9.607649e-10
473.080000  9.731330e-10
473.100000  9.856771e-10
473.120000  9.983992e-10
473.140000  1.011301e-09
473.160000  1.024385e-09
473.180000  1.037653e-09
473.200000  1.051107e-09
473.220000  1.064749e-09
473.240000  1.078582e-09
473.260000  1.092607e-09
473.280000  1.106828e-09
473.300000  1.121247e-09
473.320000  1.135865e-09
473.340000  1.150687e-09
473.360000  1.165714e-09
473.380000  1.180950e-09
473.400000  1.196396e-09
473.420000  1.212057e-09
473.440000  1.227936e-09
473.460000  1.244034e-09
473.480000  1.260356e-09
473.500000  1.276905e-09
473.520000  1.293684e-09
473.540000  1.310697e-09
473.560000  1.327946e-09
473.580000  1.345436e-09
473.600000  1.363170e-09
473.620000  1.381152e-09
473.640000  1.399385e-09
473.660000  1.417874e-09
473.680000  1.436620e-09
473.700000  1.455629e-09
473.720000  1.474905e-09
473.740000  1.494450e-09
473.760000  1.514268e-09
473.780000  1.534365e-09
473.800000  1.554742e-09
473.820000  1.575404e-09
473.840000  1.596353e-09
473.860000  1.617595e-09
473.880000  1.639133e-09
473.900000  1.660971e-09
473.920000  1.683113e-09
473.940000  1.705561e-09
473.960000  1.728318e-09
473.980000  1.751389e-09
474.000000  1.774779e-09
474.020000  1.798492e-09
474.040000  1.822531e-09
474.060000  1.846898e-09
474.080000  1.871595e-09
474.100000  1.896629e-09
474.120000  1.922003e-09
474.140000  1.947724e-09
474.160000  1.973792e-09
474.180000  2.000210e-09
474.200000  2.026982e-09
474.220000  2.054112e-09
474.240000  2.081604e-09
474.260000  2.109463e-09
474.280000  2.137691e-09
474.300000  2.166292e-09
474.320000  2.195266e-09
474.340000  2.224618e-09
474.360000  2.254351e-09
474.380000  2.284469e-09
474.400000  2.314975e-09
474.420000  2.345869e-09
474.440000  2.377154e-09
474.460000  2.408831e-09
474.480000  2.440903e-09
474.500000  2.473371e-09
474.520000  2.506238e-09
474.540000  2.539504e-09
474.560000  2.573170e-09
474.580000  2.607236e-09
474.600000  2.641702e-09
474.620000  2.676570e-09
474.640000  2.711838e-09
474.660000  2.747509e-09
474.680000  2.783580e-09
474.700000  2.820051e-09
474.720000  2.856920e-09
474.740000  2.894188e-09
474.760000  2.931851e-09
474.780000  2.969909e-09
474.800000  3.008359e-09
474.820000  3.047200e-09
474.840000  3.086428e-09
474.860000  3.126041e-09
474.880000  3.166035e-09
474.900000  3.206409e-09
474.920000  3.247157e-09
474.940000  3.288275e-09
474.960000  3.329761e-09
474.980000  3.371608e-09
475.000000  3.413813e-09
475.020000  3.456370e-09
475.040000  3.499275e-09
475.060000  3.542522e-09
475.080000  3.586105e-09
475.100000  3.630020e-09
475.120000  3.674261e-09
475.140000  3.718821e-09
475.160000  3.763694e-09
475.180000  3.808874e-09
475.200000  3.854355e-09
475.220000  3.900131e-09
475.240000  3.946193e-09
475.260000  3.992536e-09
475.280000  4.039153e-09
475.300000  4.086037e-09
475.320000  4.133181e-09
475.340000  4.180577e-09
475.360000  4.228219e-09
475.380000  4.276099e-09
475.400000  4.324211e-09
475.420000  4.372548e-09
475.440000  4.421100e-09
475.460000  4.469861e-09
475.480000  4.518823e-09
475.500000  4.567977e-09
475.520000  4.617315e-09
475.540000  4.666831e-09
475.560000  4.716516e-09
475.580000  4.766363e-09
475.600000  4.816363e-09
475.620000  4.866510e-09
475.640000  4.916796e-09
475.660000  4.967212e-09
475.680000  5.017752e-09
475.700000  5.068407e-09
475.720000  5.119170e-09
475.740000  5.170032e-09
475.760000  5.220986e-09
475.780000  5.272025e-09
475.800000  5.323140e-09
475.820000  5.374326e-09
475.840000  5.425577e-09
475.860000  5.476884e-09
475.880000  5.528243e-09
475.900000  5.579646e-09
475.920000  5.631089e-09
475.940000  5.682565e-09
475.960000  5.734069e-09
475.980000  5.785595e-09
476.000000  5.837139e-09
476.020000  5.888694e-09
476.040000  5.940257e-09
476.060000  5.991822e-09
476.080000  6.043386e-09
476.100000  6.094943e-09
476.120000  6.146490e-09
476.140000  6.198023e-09
476.160000  6.249539e-09
476.180000  6.301033e-09
476.200000  6.352504e-09
476.220000  6.403948e-09
476.240000  6.455364e-09
476.260000  6.506748e-09
476.280000  6.558100e-09
476.300000  6.609419e-09
476.320000  6.660701e-09
476.340000  6.711949e-09
476.360000  6.763159e-09
476.380000  6.814333e-09
476.400000  6.865471e-09
476.420000  6.916572e-09
476.440000  6.967638e-09
476.460000  7.018669e-09
476.480000  7.069666e-09
476.500000  7.120630e-09
476.520000  7.171565e-09
476.540000  7.222471e-09
476.560000  7.273351e-09
476.580000  7.324209e-09
476.600000  7.375047e-09
476.620000  7.425869e-09
476.640000  7.476681e-09
476.660000  7.527485e-09
476.680000  7.578288e-09
476.700000  7.629095e-09
476.720000  7.679913e-09
476.740000  7.730747e-09
476.760000  7.781605e-09
476.780000  7.832494e-09
476.800000  7.883423e-09
476.820000  7.934399e-09
476.840000  7.985431e-09
476.860000  8.036529e-09
476.880000  8.087702e-09
476.900000  8.138960e-09
476.920000  8.190314e-09
476.940000  8.241774e-09
476.960000  8.293350e-09
476.980000  8.345055e-09
477.000000  8.396900e-09
477.020000  8.448896e-09
477.040000  8.501055e-09
477.060000  8.553391e-09
477.080000  8.605915e-09
477.100000  8.658640e-09
477.120000  8.711579e-09
477.140000  8.764745e-09
477.160000  8.818150e-09
477.180000  8.871808e-09
477.200000  8.925732e-09
477.220000  8.979936e-09
477.240000  9.034432e-09
477.260000  9.089234e-09
477.280000  9.144355e-09
477.300000  9.199807e-09
477.320000  9.255604e-09
477.340000  9.311758e-09
477.360000  9.368283e-09
477.380000  9.425190e-09
477.400000  9.482493e-09
477.420000  9.540203e-09
477.440000  9.598333e-09
477.460000  9.656895e-09
477.480000  9.715900e-09
477.500000  9.775361e-09
477.520000  9.835288e-09
477.540000  9.895692e-09
477.560000  9.956585e-09
477.580000  1.001798e-08
477.600000  1.007988e-08
477.620000  1.014230e-08
477.640000  1.020525e-08
477.660000  1.026873e-08
477.680000  1.033277e-08
477.700000  1.039736e-08
477.720000  1.046253e-08
477.740000  1.052826e-08
477.760000  1.059459e-08
477.780000  1.066151e-08
477.800000  1.072904e-08
477.820000  1.079718e-08
477.840000  1.086595e-08
477.860000  1.093535e-08
477.880000  1.100540e-08
477.900000  1.107611e-08
477.920000  1.114749e-08
477.940000  1.121954e-08
477.960000  1.129230e-08
477.980000  1.136575e-08
478.000000  1.143993e-08
478.020000  1.151483e-08
478.040000  1.159048e-08
478.060000  1.166689e-08
478.080000  1.174406e-08
478.100000  1.182203e-08
478.120000  1.190079e-08
478.140000  1.198037e-08
478.160000  1.206078e-08
478.180000  1.214203e-08
478.200000  1.222415e-08
478.220000  1.230714e-08
478.240000  1.239102e-08
478.260000  1.247581e-08
478.280000  1.256152e-08
478.300000  1.264817e-08
478.320000  1.273577e-08
478.340000  1.282434e-08
478.360000  1.291389e-08
478.380000  1.300444e-08
478.400000  1.309601e-08
478.420000  1.318860e-08
478.440000  1.328224e-08
478.460000  1.337693e-08
478.480000  1.347269e-08
478.500000  1.356953e-08
478.520000  1.366747e-08
478.540000  1.376651e-08
478.560000  1.386665e-08
478.580000  1.396792e-08
478.600000  1.407032e-08
478.620000  1.417385e-08
478.640000  1.427852e-08
478.660000  1.438433e-08
478.680000  1.449128e-08
478.700000  1.459936e-08
478.720000  1.470859e-08
478.740000  1.481894e-08
478.760000  1.493043e-08
478.780000  1.504303e-08
478.800000  1.515673e-08
478.820000  1.527153e-08
478.840000  1.538741e-08
478.860000  1.550436e-08
478.880000  1.562234e-08
478.900000  1.574134e-08
478.920000  1.586134e-08
478.940000  1.598230e-08
478.960000  1.610421e-08
478.980000  1.622701e-08
479.000000  1.635069e-08
479.020000  1.647520e-08
479.040000  1.660050e-08
479.060000  1.672654e-08
479.080000  1.685329e-08
479.100000  1.698068e-08
479.120000  1.710866e-08
479.140000  1.723719e-08
479.160000  1.736619e-08
479.180000  1.749561e-08
479.200000  1.762539e-08
479.220000  1.775544e-08
479.240000  1.788569e-08
479.260000  1.801608e-08
479.280000  1.814652e-08
479.300000  1.827693e-08
479.320000  1.840722e-08
479.340000  1.853730e-08
479.360000  1.866708e-08
479.380000  1.879646e-08
479.400000  1.892535e-08
479.420000  1.905364e-08
479.440000  1.918123e-08
479.460000  1.930802e-08
479.480000  1.943390e-08
479.500000  1.955876e-08
479.520000  1.968250e-08
479.540000  1.980499e-08
479.560000  1.992612e-08
479.580000  2.004579e-08
479.600000  2.016388e-08
479.620000  2.028026e-08
479.640000  2.039483e-08
479.660000  2.050747e-08
479.680000  2.061806e-08
479.700000  2.072648e-08
479.720000  2.083262e-08
479.740000  2.093636e-08
479.760000  2.103758e-08
479.780000  2.113617e-08
479.800000  2.123202e-08
479.820000  2.132500e-08
479.840000  2.141503e-08
479.860000  2.150197e-08
479.880000  2.158574e-08
479.900000  2.166623e-08
479.920000  2.174333e-08
479.940000  2.181696e-08
479.960000  2.188702e-08
479.980000  2.195342e-08
480.000000  2.201608e-08
480.020000  2.207492e-08
480.040000  2.212987e-08
480.060000  2.218086e-08
480.080000  2.222782e-08
480.100000  2.227069e-08
480.120000  2.230941e-08
480.140000  2.234395e-08
480.160000  2.237426e-08
480.180000  2.240029e-08
480.200000  2.242203e-08
480.220000  2.243943e-08
480.240000  2.245249e-08
480.260000  2.246119e-08
480.280000  2.246551e-08
480.300000  2.246547e-08
480.320000  2.246105e-08
480.340000  2.245227e-08
480.360000  2.243915e-08
480.380000  2.242170e-08
480.400000  2.239994e-08
480.420000  2.237391e-08
480.440000  2.234365e-08
480.460000  2.230918e-08
480.480000  2.227057e-08
480.500000  2.222786e-08
480.520000  2.218111e-08
480.540000  2.213038e-08
480.560000  2.207572e-08
480.580000  2.201722e-08
480.600000  2.195494e-08
480.620000  2.188897e-08
480.640000  2.181937e-08
480.660000  2.174622e-08
480.680000  2.166962e-08
480.700000  2.158965e-08
480.720000  2.150639e-08
480.740000  2.141994e-08
480.760000  2.133038e-08
480.780000  2.123780e-08
480.800000  2.114229e-08
480.820000  2.104395e-08
480.840000  2.094287e-08
480.860000  2.083914e-08
480.880000  2.073285e-08
480.900000  2.062409e-08
480.920000  2.051296e-08
480.940000  2.039954e-08
480.960000  2.028393e-08
480.980000  2.016621e-08
481.000000  2.004647e-08
481.020000  1.992480e-08
481.040000  1.980127e-08
481.060000  1.967597e-08
481.080000  1.954899e-08
481.100000  1.942040e-08
481.120000  1.929029e-08
481.140000  1.915872e-08
481.160000  1.902578e-08
481.180000  1.889154e-08
481.200000  1.875607e-08
481.220000  1.861945e-08
481.240000  1.848176e-08
481.260000  1.834307e-08
481.280000  1.820345e-08
481.300000  1.806296e-08
481.320000  1.792165e-08
481.340000  1.777959e-08
481.360000  1.763686e-08
481.380000  1.749352e-08
481.400000  1.734964e-08
481.420000  1.720529e-08
481.440000  1.706054e-08
481.460000  1.691546e-08
481.480000  1.677008e-08
481.500000  1.662449e-08
481.520000  1.647872e-08
481.540000  1.633284e-08
481.560000  1.618690e-08
481.580000  1.604097e-08
481.600000  1.589510e-08
481.620000  1.574933e-08
481.640000  1.560372e-08
481.660000  1.545834e-08
481.680000  1.531324e-08
481.700000  1.516850e-08
481.720000  1.502416e-08
481.740000  1.488029e-08
481.760000  1.473695e-08
481.780000  1.459416e-08
481.800000  1.445199e-08
481.820000  1.431047e-08
481.840000  1.416967e-08
481.860000  1.402963e-08
481.880000  1.389042e-08
481.900000  1.375208e-08
481.920000  1.361467e-08
481.940000  1.347824e-08
481.960000  1.334281e-08
481.980000  1.320845e-08
482.000000  1.307518e-08
482.020000  1.294306e-08
482.040000  1.281213e-08
482.060000  1.268243e-08
482.080000  1.255399e-08
482.100000  1.242685e-08
482.120000  1.230105e-08
482.140000  1.217662e-08
482.160000  1.205359e-08
482.180000  1.193199e-08
482.200000  1.181184e-08
482.220000  1.169317e-08
482.240000  1.157601e-08
482.260000  1.146037e-08
482.280000  1.134627e-08
482.300000  1.123374e-08
482.320000  1.112278e-08
482.340000  1.101341e-08
482.360000  1.090565e-08
482.380000  1.079949e-08
482.400000  1.069495e-08
482.420000  1.059203e-08
482.440000  1.049074e-08
482.460000  1.039107e-08
482.480000  1.029302e-08
482.500000  1.019659e-08
482.520000  1.010177e-08
482.540000  1.000855e-08
482.560000  9.916915e-09
482.580000  9.826860e-09
482.600000  9.738366e-09
482.620000  9.651418e-09
482.640000  9.565996e-09
482.660000  9.482081e-09
482.680000  9.399650e-09
482.700000  9.318682e-09
482.720000  9.239150e-09
482.740000  9.161028e-09
482.760000  9.084286e-09
482.780000  9.008894e-09
482.800000  8.934817e-09
482.820000  8.862018e-09
482.840000  8.790460e-09
482.860000  8.720098e-09
482.880000  8.650889e-09
482.900000  8.582784e-09
482.920000  8.515730e-09
482.940000  8.449672e-09
482.960000  8.384550e-09
482.980000  8.320299e-09
483.000000  8.256850e-09
483.020000  8.194128e-09
483.040000  8.132053e-09
483.060000  8.070538e-09
483.080000  8.009491e-09
483.100000  7.948813e-09
483.120000  7.888400e-09
483.140000  7.828144e-09
483.160000  7.767934e-09
483.180000  7.707658e-09
483.200000  7.647213e-09
483.220000  7.586503e-09
483.240000  7.525453e-09
483.260000  7.464017e-09
483.280000  7.402189e-09
483.300000  7.340015e-09
483.320000  7.277604e-09
483.340000  7.215132e-09
483.360000  7.152843e-09
483.380000  7.091035e-09
483.400000  7.030048e-09
483.420000  6.970233e-09
483.440000  6.911925e-09
483.460000  6.855419e-09
483.480000  6.800954e-09
483.500000  6.748696e-09
483.520000  6.698745e-09
483.540000  6.651139e-09
483.560000  6.605861e-09
483.580000  6.562856e-09
483.600000  6.522039e-09
483.620000  6.483307e-09
483.640000  6.446545e-09
483.660000  6.411635e-09
483.680000  6.378459e-09
483.700000  6.346903e-09
483.720000  6.316855e-09
483.740000  6.288213e-09
483.760000  6.260879e-09
483.780000  6.234762e-09
483.800000  6.209777e-09
483.820000  6.185846e-09
483.840000  6.162896e-09
483.860000  6.140859e-09
483.880000  6.119671e-09
483.900000  6.099275e-09
483.920000  6.079612e-09
483.940000  6.060633e-09
483.960000  6.042286e-09
483.980000  6.024525e-09
484.000000  6.007304e-09
484.020000  5.990580e-09
484.040000  5.974311e-09
484.060000  5.958455e-09
484.080000  5.942972e-09
484.100000  5.927823e-09
484.120000  5.912967e-09
484.140000  5.898365e-09
484.160000  5.883978e-09
484.180000  5.869763e-09
484.200000  5.855680e-09
484.220000  5.841686e-09
484.240000  5.827737e-09
484.260000  5.813787e-09
484.280000  5.799787e-09
484.300000  5.785688e-09
484.320000  5.771436e-09
484.340000  5.756976e-09
484.360000  5.742251e-09
484.380000  5.727199e-09
484.400000  5.711759e-09
484.420000  5.695867e-09
484.440000  5.679461e-09
484.460000  5.662481e-09
484.480000  5.644871e-09
484.500000  5.626589e-09
484.520000  5.607603e-09
484.540000  5.587904e-09
484.560000  5.567509e-09
484.580000  5.546466e-09
484.600000  5.524855e-09
484.620000  5.502793e-09
484.640000  5.480425e-09
484.660000  5.457914e-09
484.680000  5.435433e-09
484.700000  5.413148e-09
484.720000  5.391206e-09
484.740000  5.369727e-09
484.760000  5.348799e-09
484.780000  5.328477e-09
484.800000  5.308785e-09
484.820000  5.289724e-09
484.840000  5.271273e-09
484.860000  5.253401e-09
484.880000  5.236066e-09
484.900000  5.219222e-09
484.920000  5.202821e-09
484.940000  5.186818e-09
484.960000  5.171166e-09
484.980000  5.155823e-09
485.000000  5.140751e-09
485.020000  5.125915e-09
485.040000  5.111282e-09
485.060000  5.096826e-09
485.080000  5.082521e-09
485.100000  5.068346e-09
485.120000  5.054282e-09
485.140000  5.040313e-09
485.160000  5.026424e-09
485.180000  5.012605e-09
485.200000  4.998846e-09
485.220000  4.985137e-09
485.240000  4.971474e-09
485.260000  4.957851e-09
485.280000  4.944264e-09
485.300000  4.930710e-09
485.320000  4.917188e-09
485.340000  4.903698e-09
485.360000  4.890238e-09
485.380000  4.876812e-09
485.400000  4.863419e-09
485.420000  4.850061e-09
485.440000  4.836743e-09
485.460000  4.823465e-09
485.480000  4.810232e-09
485.500000  4.797046e-09
485.520000  4.783912e-09
485.540000  4.770832e-09
485.560000  4.757811e-09
485.580000  4.744852e-09
485.600000  4.731958e-09
485.620000  4.719133e-09
485.640000  4.706380e-09
485.660000  4.693701e-09
485.680000  4.681100e-09
485.700000  4.668578e-09
485.720000  4.656138e-09
485.740000  4.643781e-09
485.760000  4.631508e-09
485.780000  4.619320e-09
485.800000  4.607218e-09
485.820000  4.595201e-09
485.840000  4.583269e-09
485.860000  4.571420e-09
485.880000  4.559654e-09
485.900000  4.547969e-09
485.920000  4.536363e-09
485.940000  4.524833e-09
485.960000  4.513376e-09
485.980000  4.501990e-09
486.000000  4.490671e-09
486.020000  4.479416e-09
486.040000  4.468221e-09
486.060000  4.457081e-09
486.080000  4.445992e-09
486.100000  4.434949e-09
486.120000  4.423946e-09
486.140000  4.412977e-09
486.160000  4.402034e-09
486.180000  4.391109e-09
486.200000  4.380194e-09
486.220000  4.369279e-09
486.240000  4.358354e-09
486.260000  4.347406e-09
486.280000  4.336423e-09
486.300000  4.325390e-09
486.320000  4.314293e-09
486.340000  4.303116e-09
486.360000  4.291840e-09
486.380000  4.280447e-09
486.400000  4.268917e-09
486.420000  4.257229e-09
486.440000  4.245358e-09
486.460000  4.233281e-09
486.480000  4.220971e-09
486.500000  4.208400e-09
486.520000  4.195538e-09
486.540000  4.182352e-09
486.560000  4.168808e-09
486.580000  4.154868e-09
486.600000  4.140492e-09
486.620000  4.125635e-09
486.640000  4.110250e-09
486.660000  4.094286e-09
486.680000  4.077685e-09
486.700000  4.060385e-09
486.720000  4.042317e-09
486.740000  4.023406e-09
486.760000  4.003567e-09
486.780000  3.982710e-09
486.800000  3.960729e-09
486.820000  3.937512e-09
486.840000  3.912929e-09
486.860000  3.886841e-09
486.880000  3.859089e-09
486.900000  3.829497e-09
486.920000  3.797874e-09
486.940000  3.764004e-09
486.960000  3.727656e-09
486.980000  3.688574e-09
487.000000  3.646488e-09
487.020000  3.601109e-09
487.040000  3.552140e-09
487.060000  3.499286e-09
487.080000  3.442262e-09
487.100000  3.380821e-09
487.120000  3.314770e-09
487.140000  3.244013e-09
487.160000  3.168576e-09
487.180000  3.088655e-09
487.200000  3.004640e-09
487.220000  2.917138e-09
487.240000  2.826971e-09
487.260000  2.735142e-09
487.280000  2.642781e-09
487.300000  2.551061e-09
487.320000  2.461111e-09
487.340000  2.373935e-09
487.360000  2.290354e-09
487.380000  2.210974e-09
487.400000  2.136186e-09
487.420000  2.066182e-09
487.440000  2.000988e-09
487.460000  1.940501e-09
487.480000  1.884527e-09
487.500000  1.832812e-09
487.520000  1.785065e-09
487.540000  1.740984e-09
487.560000  1.700263e-09
487.580000  1.662608e-09
487.600000  1.627740e-09
487.620000  1.595399e-09
487.640000  1.565349e-09
487.660000  1.537377e-09
487.680000  1.511292e-09
487.700000  1.486930e-09
487.720000  1.464149e-09
487.740000  1.442826e-09
487.760000  1.422861e-09
487.780000  1.404168e-09
487.800000  1.386674e-09
487.820000  1.370314e-09
487.840000  1.355030e-09
487.860000  1.340766e-09
487.880000  1.327467e-09
487.900000  1.315080e-09
487.920000  1.303550e-09
487.940000  1.292825e-09
487.960000  1.282852e-09
487.980000  1.273582e-09
488.000000  1.264967e-09
488.020000  1.256962e-09
488.040000  1.249525e-09
488.060000  1.242617e-09
488.080000  1.236202e-09
488.100000  1.230246e-09
488.120000  1.224718e-09
488.140000  1.219591e-09
488.160000  1.214838e-09
488.180000  1.210436e-09
488.200000  1.206362e-09
488.220000  1.202596e-09
488.240000  1.199120e-09
488.260000  1.195916e-09
488.280000  1.192968e-09
488.300000  1.190263e-09
488.320000  1.187785e-09
488.340000  1.185523e-09
488.360000  1.183465e-09
488.380000  1.181601e-09
488.400000  1.179920e-09
488.420000  1.178413e-09
488.440000  1.177073e-09
488.460000  1.175891e-09
488.480000  1.174861e-09
488.500000  1.173974e-09
488.520000  1.173226e-09
488.540000  1.172611e-09
488.560000  1.172122e-09
488.580000  1.171756e-09
488.600000  1.171507e-09
488.620000  1.171371e-09
488.640000  1.171344e-09
488.660000  1.171421e-09
488.680000  1.171600e-09
488.700000  1.171877e-09
488.720000  1.172249e-09
488.740000  1.172713e-09
488.760000  1.173266e-09
488.780000  1.173905e-09
488.800000  1.174628e-09
488.820000  1.175432e-09
488.840000  1.176315e-09
488.860000  1.177276e-09
488.880000  1.178311e-09
488.900000  1.179419e-09
488.920000  1.180599e-09
488.940000  1.181847e-09
488.960000  1.183163e-09
488.980000  1.184545e-09
489.000000  1.185990e-09
489.020000  1.187498e-09
489.040000  1.189067e-09
489.060000  1.190695e-09
489.080000  1.192381e-09
489.100000  1.194123e-09
489.120000  1.195920e-09
489.140000  1.197770e-09
489.160000  1.199672e-09
489.180000  1.201625e-09
489.200000  1.203626e-09
489.220000  1.205675e-09
489.240000  1.207771e-09
489.260000  1.209911e-09
489.280000  1.212095e-09
489.300000  1.214322e-09
489.320000  1.216589e-09
489.340000  1.218895e-09
489.360000  1.221240e-09
489.380000  1.223621e-09
489.400000  1.226038e-09
489.420000  1.228489e-09
489.440000  1.230973e-09
489.460000  1.233489e-09
489.480000  1.236034e-09
489.500000  1.238609e-09
489.520000  1.241211e-09
489.540000  1.243839e-09
489.560000  1.246493e-09
489.580000  1.249170e-09
489.600000  1.251870e-09
489.620000  1.254591e-09
489.640000  1.257332e-09
489.660000  1.260091e-09
489.680000  1.262868e-09
489.700000  1.265663e-09
489.720000  1.268474e-09
489.740000  1.271298e-09
489.760000  1.274135e-09
489.780000  1.276985e-09
489.800000  1.279848e-09
489.820000  1.282723e-09
489.840000  1.285610e-09
489.860000  1.288506e-09
489.880000  1.291411e-09
489.900000  1.294325e-09
489.920000  1.297250e-09
489.940000  1.300186e-09
489.960000  1.303133e-09
489.980000  1.306088e-09
490.000000  1.309052e-09
490.020000  1.312026e-09
490.040000  1.315011e-09
490.060000  1.318008e-09
490.080000  1.321017e-09
490.100000  1.324038e-09
490.120000  1.327070e-09
490.140000  1.330115e-09
490.160000  1.333173e-09
490.180000  1.336246e-09
490.200000  1.339333e-09
490.220000  1.342436e-09
490.240000  1.345552e-09
490.260000  1.348683e-09
490.280000  1.351828e-09
490.300000  1.354989e-09
490.320000  1.358165e-09
490.340000  1.361357e-09
490.360000  1.364564e-09
490.380000  1.367784e-09
490.400000  1.371018e-09
490.420000  1.374264e-09
490.440000  1.377524e-09
490.460000  1.380797e-09
490.480000  1.384081e-09
490.500000  1.387376e-09
490.520000  1.390681e-09
490.540000  1.393994e-09
490.560000  1.397316e-09
490.580000  1.400644e-09
490.600000  1.403977e-09
490.620000  1.407315e-09
490.640000  1.410657e-09
490.660000  1.413999e-09
490.680000  1.417342e-09
490.700000  1.420684e-09
490.720000  1.424023e-09
490.740000  1.427356e-09
490.760000  1.430683e-09
490.780000  1.434000e-09
490.800000  1.437306e-09
490.820000  1.440597e-09
490.840000  1.443873e-09
490.860000  1.447130e-09
490.880000  1.450366e-09
490.900000  1.453577e-09
490.920000  1.456761e-09
490.940000  1.459916e-09
490.960000  1.463037e-09
490.980000  1.466122e-09
491.000000  1.469167e-09
491.020000  1.472170e-09
491.040000  1.475127e-09
491.060000  1.478034e-09
491.080000  1.480888e-09
491.100000  1.483686e-09
491.120000  1.486425e-09
491.140000  1.489101e-09
491.160000  1.491712e-09
491.180000  1.494254e-09
491.200000  1.496725e-09
491.220000  1.499121e-09
491.240000  1.501439e-09
491.260000  1.503676e-09
491.280000  1.505829e-09
491.300000  1.507895e-09
491.320000  1.509871e-09
491.340000  1.511756e-09
491.360000  1.513547e-09
491.380000  1.515243e-09
491.400000  1.516842e-09
491.420000  1.518344e-09
491.440000  1.519748e-09
491.460000  1.521053e-09
491.480000  1.522260e-09
491.500000  1.523368e-09
491.520000  1.524378e-09
491.540000  1.525289e-09
491.560000  1.526104e-09
491.580000  1.526823e-09
491.600000  1.527447e-09
491.620000  1.527981e-09
491.640000  1.528424e-09
491.660000  1.528782e-09
491.680000  1.529056e-09
491.700000  1.529249e-09
491.720000  1.529366e-09
491.740000  1.529409e-09
491.760000  1.529382e-09
491.780000  1.529289e-09
491.800000  1.529134e-09
491.820000  1.528921e-09
491.840000  1.528653e-09
491.860000  1.528335e-09
491.880000  1.527971e-09
491.900000  1.527566e-09
491.920000  1.527123e-09
491.940000  1.526647e-09
491.960000  1.526141e-09
491.980000  1.525611e-09
492.000000  1.525060e-09
492.020000  1.524492e-09
492.040000  1.523911e-09
492.060000  1.523321e-09
492.080000  1.522727e-09
492.100000  1.522131e-09
492.120000  1.521537e-09
492.140000  1.520950e-09
492.160000  1.520371e-09
492.180000  1.519804e-09
492.200000  1.519253e-09
492.220000  1.518721e-09
492.240000  1.518210e-09
492.260000  1.517724e-09
492.280000  1.517265e-09
492.300000  1.516836e-09
492.320000  1.516440e-09
492.340000  1.516080e-09
492.360000  1.515758e-09
492.380000  1.515478e-09
492.400000  1.515241e-09
492.420000  1.515050e-09
492.440000  1.514909e-09
492.460000  1.514819e-09
492.480000  1.514783e-09
492.500000  1.514803e-09
492.520000  1.514883e-09
492.540000  1.515024e-09
492.560000  1.515228e-09
492.580000  1.515499e-09
492.600000  1.515838e-09
492.620000  1.516247e-09
492.640000  1.516729e-09
492.660000  1.517285e-09
492.680000  1.517918e-09
492.700000  1.518629e-09
492.720000  1.519421e-09
492.740000  1.520295e-09
492.760000  1.521252e-09
492.780000  1.522295e-09
492.800000  1.523424e-09
492.820000  1.524642e-09
492.840000  1.525949e-09
492.860000  1.527347e-09
492.880000  1.528836e-09
492.900000  1.530418e-09
492.920000  1.532094e-09
492.940000  1.533865e-09
492.960000  1.535730e-09
492.980000  1.537691e-09
493.000000  1.539749e-09
493.020000  1.541903e-09
493.040000  1.544155e-09
493.060000  1.546504e-09
493.080000  1.548951e-09
493.100000  1.551495e-09
493.120000  1.554137e-09
493.140000  1.556876e-09
493.160000  1.559712e-09
493.180000  1.562644e-09
493.200000  1.565673e-09
493.220000  1.568798e-09
493.240000  1.572017e-09
493.260000  1.575331e-09
493.280000  1.578738e-09
493.300000  1.582237e-09
493.320000  1.585827e-09
493.340000  1.589508e-09
493.360000  1.593276e-09
493.380000  1.597132e-09
493.400000  1.601073e-09
493.420000  1.605097e-09
493.440000  1.609203e-09
493.460000  1.613388e-09
493.480000  1.617650e-09
493.500000  1.621987e-09
493.520000  1.626396e-09
493.540000  1.630874e-09
493.560000  1.635419e-09
493.580000  1.640027e-09
493.600000  1.644696e-09
493.620000  1.649422e-09
493.640000  1.654202e-09
493.660000  1.659031e-09
493.680000  1.663907e-09
493.700000  1.668826e-09
493.720000  1.673783e-09
493.740000  1.678775e-09
493.760000  1.683797e-09
493.780000  1.688846e-09
493.800000  1.693916e-09
493.820000  1.699004e-09
493.840000  1.704106e-09
493.860000  1.709217e-09
493.880000  1.714334e-09
493.900000  1.719453e-09
493.920000  1.724570e-09
493.940000  1.729681e-09
493.960000  1.734783e-09
493.980000  1.739874e-09
494.000000  1.744949e-09
494.020000  1.750007e-09
494.040000  1.755045e-09
494.060000  1.760062e-09
494.080000  1.765055e-09
494.100000  1.770023e-09
494.120000  1.774965e-09
494.140000  1.779880e-09
494.160000  1.784769e-09
494.180000  1.789631e-09
494.200000  1.794467e-09
494.220000  1.799278e-09
494.240000  1.804066e-09
494.260000  1.808833e-09
494.280000  1.813581e-09
494.300000  1.818314e-09
494.320000  1.823034e-09
494.340000  1.827747e-09
494.360000  1.832458e-09
494.380000  1.837171e-09
494.400000  1.841894e-09
494.420000  1.846633e-09
494.440000  1.851397e-09
494.460000  1.856193e-09
494.480000  1.861032e-09
494.500000  1.865923e-09
494.520000  1.870876e-09
494.540000  1.875905e-09
494.560000  1.881021e-09
494.580000  1.886237e-09
494.600000  1.891567e-09
494.620000  1.897025e-09
494.640000  1.902627e-09
494.660000  1.908389e-09
494.680000  1.914326e-09
494.700000  1.920455e-09
494.720000  1.926794e-09
494.740000  1.933360e-09
494.760000  1.940171e-09
494.780000  1.947245e-09
494.800000  1.954600e-09
494.820000  1.962256e-09
494.840000  1.970229e-09
494.860000  1.978539e-09
494.880000  1.987204e-09
494.900000  1.996242e-09
494.920000  2.005670e-09
494.940000  2.015506e-09
494.960000  2.025768e-09
494.980000  2.036471e-09
495.000000  2.047633e-09
495.020000  2.059269e-09
495.040000  2.071393e-09
495.060000  2.084022e-09
495.080000  2.097169e-09
495.100000  2.110848e-09
495.120000  2.125072e-09
495.140000  2.139856e-09
495.160000  2.155211e-09
495.180000  2.171151e-09
495.200000  2.187688e-09
495.220000  2.204833e-09
495.240000  2.222601e-09
495.260000  2.241002e-09
495.280000  2.260050e-09
495.300000  2.279758e-09
495.320000  2.300139e-09
495.340000  2.321206e-09
495.360000  2.342973e-09
495.380000  2.365456e-09
495.400000  2.388669e-09
495.420000  2.412629e-09
495.440000  2.437351e-09
495.460000  2.462853e-09
495.480000  2.489154e-09
495.500000  2.516272e-09
495.520000  2.544228e-09
495.540000  2.573042e-09
495.560000  2.602735e-09
495.580000  2.633332e-09
495.600000  2.664855e-09
495.620000  2.697329e-09
495.640000  2.730780e-09
495.660000  2.765236e-09
495.680000  2.800723e-09
495.700000  2.837272e-09
495.720000  2.874914e-09
495.740000  2.913678e-09
495.760000  2.953598e-09
495.780000  2.994709e-09
495.800000  3.037044e-09
495.820000  3.080640e-09
495.840000  3.125535e-09
495.860000  3.171768e-09
495.880000  3.219377e-09
495.900000  3.268406e-09
495.920000  3.318895e-09
495.940000  3.370888e-09
495.960000  3.424430e-09
495.980000  3.479567e-09
496.000000  3.536347e-09
496.020000  3.594816e-09
496.040000  3.655024e-09
496.060000  3.717022e-09
496.080000  3.780860e-09
496.100000  3.846590e-09
496.120000  3.914265e-09
496.140000  3.983939e-09
496.160000  4.055666e-09
496.180000  4.129500e-09
496.200000  4.205496e-09
496.220000  4.283712e-09
496.240000  4.364202e-09
496.260000  4.447023e-09
496.280000  4.532233e-09
496.300000  4.619887e-09
496.320000  4.710044e-09
496.340000  4.802760e-09
496.360000  4.898093e-09
496.380000  4.996100e-09
496.400000  5.096837e-09
496.420000  5.200360e-09
496.440000  5.306727e-09
496.460000  5.415993e-09
496.480000  5.528212e-09
496.500000  5.643440e-09
496.520000  5.761731e-09
496.540000  5.883136e-09
496.560000  6.007711e-09
496.580000  6.135505e-09
496.600000  6.266570e-09
496.620000  6.400957e-09
496.640000  6.538714e-09
496.660000  6.679890e-09
496.680000  6.824531e-09
496.700000  6.972685e-09
496.720000  7.124394e-09
496.740000  7.279701e-09
496.760000  7.438643e-09
496.780000  7.601257e-09
496.800000  7.767572e-09
496.820000  7.937618e-09
496.840000  8.111421e-09
496.860000  8.289003e-09
496.880000  8.470381e-09
496.900000  8.655567e-09
496.920000  8.844565e-09
496.940000  9.037370e-09
496.960000  9.233975e-09
496.980000  9.434364e-09
497.000000  9.638516e-09
497.020000  9.846404e-09
497.040000  1.005799e-08
497.060000  1.027322e-08
497.080000  1.049205e-08
497.100000  1.071438e-08
497.120000  1.094014e-08
497.140000  1.116923e-08
497.160000  1.140158e-08
497.180000  1.163708e-08
497.200000  1.187564e-08
497.220000  1.211716e-08
497.240000  1.236153e-08
497.260000  1.260864e-08
497.280000  1.285838e-08
497.300000  1.311061e-08
497.320000  1.336521e-08
497.340000  1.362203e-08
497.360000  1.388092e-08
497.380000  1.414168e-08
497.400000  1.440411e-08
497.420000  1.466801e-08
497.440000  1.493312e-08
497.460000  1.519921e-08
497.480000  1.546601e-08
497.500000  1.573325e-08
497.520000  1.600065e-08
497.540000  1.626792e-08
497.560000  1.653475e-08
497.580000  1.680083e-08
497.600000  1.706583e-08
497.620000  1.732943e-08
497.640000  1.759131e-08
497.660000  1.785114e-08
497.680000  1.810860e-08
497.700000  1.836334e-08
497.720000  1.861502e-08
497.740000  1.886328e-08
497.760000  1.910775e-08
497.780000  1.934804e-08
497.800000  1.958378e-08
497.820000  1.981457e-08
497.840000  2.004000e-08
497.860000  2.025967e-08
497.880000  2.047315e-08
497.900000  2.068000e-08
497.920000  2.087980e-08
497.940000  2.107210e-08
497.960000  2.125648e-08
497.980000  2.143249e-08
498.000000  2.159970e-08
498.020000  2.175770e-08
498.040000  2.190608e-08
498.060000  2.204444e-08
498.080000  2.217240e-08
498.100000  2.228961e-08
498.120000  2.239573e-08
498.140000  2.249045e-08
498.160000  2.257350e-08
498.180000  2.264461e-08
498.200000  2.270357e-08
498.220000  2.275018e-08
498.240000  2.278432e-08
498.260000  2.280585e-08
498.280000  2.281472e-08
498.300000  2.281090e-08
498.320000  2.279441e-08
498.340000  2.276532e-08
498.360000  2.272373e-08
498.380000  2.266980e-08
498.400000  2.260372e-08
498.420000  2.252574e-08
498.440000  2.243611e-08
498.460000  2.233516e-08
498.480000  2.222322e-08
498.500000  2.210065e-08
498.520000  2.196782e-08
498.540000  2.182515e-08
498.560000  2.167305e-08
498.580000  2.151193e-08
498.600000  2.134224e-08
498.620000  2.116441e-08
498.640000  2.097888e-08
498.660000  2.078612e-08
498.680000  2.058659e-08
498.700000  2.038076e-08
498.720000  2.016910e-08
498.740000  1.995210e-08
498.760000  1.973026e-08
498.780000  1.950409e-08
498.800000  1.927408e-08
498.820000  1.904076e-08
498.840000  1.880465e-08
498.860000  1.856626e-08
498.880000  1.832612e-08
498.900000  1.808474e-08
498.920000  1.784262e-08
498.940000  1.760029e-08
498.960000  1.735822e-08
498.980000  1.711690e-08
499.000000  1.687681e-08
499.020000  1.663842e-08
499.040000  1.640217e-08
499.060000  1.616849e-08
499.080000  1.593781e-08
499.100000  1.571053e-08
499.120000  1.548703e-08
499.140000  1.526769e-08
499.160000  1.505284e-08
499.180000  1.484281e-08
499.200000  1.463791e-08
499.220000  1.443840e-08
499.240000  1.424455e-08
499.260000  1.405659e-08
499.280000  1.387471e-08
499.300000  1.369911e-08
499.320000  1.352993e-08
499.340000  1.336731e-08
499.360000  1.321135e-08
499.380000  1.306213e-08
499.400000  1.291973e-08
499.420000  1.278416e-08
499.440000  1.265546e-08
499.460000  1.253360e-08
499.480000  1.241856e-08
499.500000  1.231028e-08
499.520000  1.220870e-08
499.540000  1.211371e-08
499.560000  1.202520e-08
499.580000  1.194303e-08
499.600000  1.186705e-08
499.620000  1.179708e-08
499.640000  1.173293e-08
499.660000  1.167439e-08
499.680000  1.162125e-08
499.700000  1.157327e-08
499.720000  1.153019e-08
499.740000  1.149178e-08
499.760000  1.145776e-08
499.780000  1.142788e-08
499.800000  1.140186e-08
499.820000  1.137946e-08
499.840000  1.136041e-08
499.860000  1.134445e-08
499.880000  1.133136e-08
499.900000  1.132088e-08
499.920000  1.131281e-08
499.940000  1.130692e-08
499.960000  1.130302e-08
499.980000  1.130091e-08
500.000000  1.130042e-08
500.020000  1.130138e-08
500.040000  1.130362e-08
500.060000  1.130698e-08
500.080000  1.131133e-08
500.100000  1.131650e-08
500.120000  1.132237e-08
500.140000  1.132879e-08
500.160000  1.133563e-08
500.180000  1.134276e-08
500.200000  1.135004e-08
500.220000  1.135734e-08
500.240000  1.136453e-08
500.260000  1.137148e-08
500.280000  1.137808e-08
500.300000  1.138419e-08
500.320000  1.138971e-08
500.340000  1.139451e-08
500.360000  1.139851e-08
500.380000  1.140159e-08
500.400000  1.140370e-08
500.420000  1.140474e-08
500.440000  1.140469e-08
500.460000  1.140349e-08
500.480000  1.140114e-08
500.500000  1.139765e-08
500.520000  1.139305e-08
500.540000  1.138738e-08
500.560000  1.138072e-08
500.580000  1.137316e-08
500.600000  1.136481e-08
500.620000  1.135580e-08
500.640000  1.134627e-08
500.660000  1.133637e-08
500.680000  1.132626e-08
500.700000  1.131610e-08
500.720000  1.130607e-08
500.740000  1.129634e-08
500.760000  1.128706e-08
500.780000  1.127841e-08
500.800000  1.127054e-08
500.820000  1.126359e-08
500.840000  1.125771e-08
500.860000  1.125301e-08
500.880000  1.124962e-08
500.900000  1.124762e-08
500.920000  1.124711e-08
500.940000  1.124813e-08
500.960000  1.125074e-08
500.980000  1.125496e-08
501.000000  1.126080e-08
501.020000  1.126824e-08
501.040000  1.127727e-08
501.060000  1.128784e-08
501.080000  1.129989e-08
501.100000  1.131337e-08
501.120000  1.132820e-08
501.140000  1.134430e-08
501.160000  1.136160e-08
501.180000  1.138002e-08
501.200000  1.139949e-08
501.220000  1.141993e-08
501.240000  1.144129e-08
501.260000  1.146352e-08
501.280000  1.148658e-08
501.300000  1.151044e-08
501.320000  1.153507e-08
501.340000  1.156047e-08
501.360000  1.158664e-08
501.380000  1.161359e-08
501.400000  1.164133e-08
501.420000  1.166989e-08
501.440000  1.169929e-08
501.460000  1.172956e-08
501.480000  1.176075e-08
501.500000  1.179290e-08
501.520000  1.182606e-08
501.540000  1.186027e-08
501.560000  1.189562e-08
501.580000  1.193219e-08
501.600000  1.197005e-08
501.620000  1.200932e-08
501.640000  1.205011e-08
501.660000  1.209256e-08
501.680000  1.213680e-08
501.700000  1.218299e-08
501.720000  1.223129e-08
501.740000  1.228186e-08
501.760000  1.233488e-08
501.780000  1.239049e-08
501.800000  1.244888e-08
501.820000  1.251019e-08
501.840000  1.257459e-08
501.860000  1.264222e-08
501.880000  1.271322e-08
501.900000  1.278771e-08
501.920000  1.286582e-08
501.940000  1.294765e-08
501.960000  1.303331e-08
501.980000  1.312288e-08
502.000000  1.321645e-08
502.020000  1.331407e-08
502.040000  1.341582e-08
502.060000  1.352173e-08
502.080000  1.363183e-08
502.100000  1.374616e-08
502.120000  1.386473e-08
502.140000  1.398755e-08
502.160000  1.411463e-08
502.180000  1.424597e-08
502.200000  1.438159e-08
502.220000  1.452149e-08
502.240000  1.466570e-08
502.260000  1.481425e-08
502.280000  1.496719e-08
502.300000  1.512458e-08
502.320000  1.528650e-08
502.340000  1.545305e-08
502.360000  1.562434e-08
502.380000  1.580050e-08
502.400000  1.598169e-08
502.420000  1.616805e-08
502.440000  1.635976e-08
502.460000  1.655700e-08
502.480000  1.675995e-08
502.500000  1.696882e-08
502.520000  1.718379e-08
502.540000  1.740509e-08
502.560000  1.763292e-08
502.580000  1.786750e-08
502.600000  1.810905e-08
502.620000  1.835780e-08
502.640000  1.861400e-08
502.660000  1.887788e-08
502.680000  1.914970e-08
502.700000  1.942970e-08
502.720000  1.971816e-08
502.740000  2.001531e-08
502.760000  2.032143e-08
502.780000  2.063676e-08
502.800000  2.096155e-08
502.820000  2.129605e-08
502.840000  2.164049e-08
502.860000  2.199509e-08
502.880000  2.236005e-08
502.900000  2.273557e-08
502.920000  2.312184e-08
502.940000  2.351904e-08
502.960000  2.392734e-08
502.980000  2.434690e-08
503.000000  2.477789e-08
503.020000  2.522048e-08
503.040000  2.567486e-08
503.060000  2.614122e-08
503.080000  2.661975e-08
503.100000  2.711069e-08
503.120000  2.761429e-08
503.140000  2.813081e-08
503.160000  2.866054e-08
503.180000  2.920380e-08
503.200000  2.976091e-08
503.220000  3.033220e-08
503.240000  3.091803e-08
503.260000  3.151873e-08
503.280000  3.213464e-08
503.300000  3.276605e-08
503.320000  3.341326e-08
503.340000  3.407651e-08
503.360000  3.475603e-08
503.380000  3.545196e-08
503.400000  3.616444e-08
503.420000  3.689352e-08
503.440000  3.763920e-08
503.460000  3.840137e-08
503.480000  3.917986e-08
503.500000  3.997433e-08
503.520000  4.078429e-08
503.540000  4.160904e-08
503.560000  4.244758e-08
503.580000  4.329859e-08
503.600000  4.416039e-08
503.620000  4.503086e-08
503.640000  4.590747e-08
503.660000  4.678729e-08
503.680000  4.766708e-08
503.700000  4.854344e-08
503.720000  4.941294e-08
503.740000  5.027239e-08
503.760000  5.111903e-08
503.780000  5.195082e-08
503.800000  5.276661e-08
503.820000  5.356634e-08
503.840000  5.435114e-08
503.860000  5.512329e-08
503.880000  5.588620e-08
503.900000  5.664411e-08
503.920000  5.740191e-08
503.940000  5.816479e-08
503.960000  5.893796e-08
503.980000  5.972635e-08
504.000000  6.053444e-08
504.020000  6.136609e-08
504.040000  6.222451e-08
504.060000  6.311223e-08
504.080000  6.403119e-08
504.100000  6.498273e-08
504.120000  6.596777e-08
504.140000  6.698685e-08
504.160000  6.804023e-08
504.180000  6.912795e-08
504.200000  7.024992e-08
504.220000  7.140595e-08
504.240000  7.259578e-08
504.260000  7.381914e-08
504.280000  7.507574e-08
504.300000  7.636528e-08
504.320000  7.768750e-08
504.340000  7.904215e-08
504.360000  8.042899e-08
504.380000  8.184785e-08
504.400000  8.329855e-08
504.420000  8.478095e-08
504.440000  8.629495e-08
504.460000  8.784046e-08
504.480000  8.941742e-08
504.500000  9.102580e-08
504.520000  9.266556e-08
504.540000  9.433671e-08
504.560000  9.603924e-08
504.580000  9.777317e-08
504.600000  9.953852e-08
504.620000  1.013353e-07
504.640000  1.031635e-07
504.660000  1.050232e-07
504.680000  1.069144e-07
504.700000  1.088370e-07
504.720000  1.107911e-07
504.740000  1.127766e-07
504.760000  1.147935e-07
504.780000  1.168418e-07
504.800000  1.189213e-07
504.820000  1.210319e-07
504.840000  1.231736e-07
504.860000  1.253462e-07
504.880000  1.275495e-07
504.900000  1.297833e-07
504.920000  1.320473e-07
504.940000  1.343414e-07
504.960000  1.366651e-07
504.980000  1.390181e-07
505.000000  1.414000e-07
505.020000  1.438105e-07
505.040000  1.462492e-07
505.060000  1.487154e-07
505.080000  1.512087e-07
505.100000  1.537287e-07
505.120000  1.562748e-07
505.140000  1.588463e-07
505.160000  1.614428e-07
505.180000  1.640637e-07
505.200000  1.667083e-07
505.220000  1.693760e-07
505.240000  1.720662e-07
505.260000  1.747783e-07
505.280000  1.775116e-07
505.300000  1.802653e-07
505.320000  1.830389e-07
505.340000  1.858316e-07
505.360000  1.886425e-07
505.380000  1.914711e-07
505.400000  1.943164e-07
505.420000  1.971776e-07
505.440000  2.000540e-07
505.460000  2.029447e-07
505.480000  2.058488e-07
505.500000  2.087655e-07
505.520000  2.116939e-07
505.540000  2.146332e-07
505.560000  2.175825e-07
505.580000  2.205410e-07
505.600000  2.235079e-07
505.620000  2.264824e-07
505.640000  2.294636e-07
505.660000  2.324508e-07
505.680000  2.354431e-07
505.700000  2.384397e-07
505.720000  2.414398e-07
505.740000  2.444424e-07
505.760000  2.474467e-07
505.780000  2.504518e-07
505.800000  2.534565e-07
505.820000  2.564600e-07
505.840000  2.594611e-07
505.860000  2.624588e-07
505.880000  2.654519e-07
505.900000  2.684393e-07
505.920000  2.714198e-07
505.940000  2.743922e-07
505.960000  2.773553e-07
505.980000  2.803080e-07
506.000000  2.832490e-07
506.020000  2.861771e-07
506.040000  2.890910e-07
506.060000  2.919895e-07
506.080000  2.948714e-07
506.100000  2.977353e-07
506.120000  3.005800e-07
506.140000  3.034042e-07
506.160000  3.062067e-07
506.180000  3.089862e-07
506.200000  3.117414e-07
506.220000  3.144713e-07
506.240000  3.171746e-07
506.260000  3.198503e-07
506.280000  3.224974e-07
506.300000  3.251150e-07
506.320000  3.277023e-07
506.340000  3.302587e-07
506.360000  3.327835e-07
506.380000  3.352765e-07
506.400000  3.377371e-07
506.420000  3.401655e-07
506.440000  3.425617e-07
506.460000  3.449258e-07
506.480000  3.472584e-07
506.500000  3.495600e-07
506.520000  3.518315e-07
506.540000  3.540738e-07
506.560000  3.562881e-07
506.580000  3.584759e-07
506.600000  3.606388e-07
506.620000  3.627786e-07
506.640000  3.648973e-07
506.660000  3.669975e-07
506.680000  3.690816e-07
506.700000  3.711527e-07
506.720000  3.732141e-07
506.740000  3.752694e-07
506.760000  3.773227e-07
506.780000  3.793786e-07
506.800000  3.814419e-07
506.820000  3.835180e-07
506.840000  3.856130e-07
506.860000  3.877330e-07
506.880000  3.898852e-07
506.900000  3.920769e-07
506.920000  3.943160e-07
506.940000  3.966109e-07
506.960000  3.989705e-07
506.980000  4.014042e-07
507.000000  4.039217e-07
507.020000  4.065331e-07
507.040000  4.092488e-07
507.060000  4.120794e-07
507.080000  4.150357e-07
507.100000  4.181284e-07
507.120000  4.213683e-07
507.140000  4.247659e-07
507.160000  4.283312e-07
507.180000  4.320738e-07
507.200000  4.360027e-07
507.220000  4.401256e-07
507.240000  4.444495e-07
507.260000  4.489798e-07
507.280000  4.537204e-07
507.300000  4.586734e-07
507.320000  4.638390e-07
507.340000  4.692152e-07
507.360000  4.747974e-07
507.380000  4.805785e-07
507.400000  4.865488e-07
507.420000  4.926954e-07
507.440000  4.990025e-07
507.460000  5.054511e-07
507.480000  5.120187e-07
507.500000  5.186798e-07
507.520000  5.254053e-07
507.540000  5.321630e-07
507.560000  5.389173e-07
507.580000  5.456295e-07
507.600000  5.522578e-07
507.620000  5.587580e-07
507.640000  5.650832e-07
507.660000  5.711846e-07
507.680000  5.770114e-07
507.700000  5.825119e-07
507.720000  5.876338e-07
507.740000  5.923243e-07
507.760000  5.965317e-07
507.780000  6.002050e-07
507.800000  6.032954e-07
507.820000  6.057569e-07
507.840000  6.075470e-07
507.860000  6.086272e-07
507.880000  6.089646e-07
507.900000  6.085318e-07
507.920000  6.073084e-07
507.940000  6.052812e-07
507.960000  6.024453e-07
507.980000  5.988042e-07
508.000000  5.943707e-07
508.020000  5.891666e-07
508.040000  5.832235e-07
508.060000  5.765821e-07
508.080000  5.692923e-07
508.100000  5.614125e-07
508.120000  5.530087e-07
508.140000  5.441538e-07
508.160000  5.349265e-07
508.180000  5.254095e-07
508.200000  5.156883e-07
508.220000  5.058492e-07
508.240000  4.959782e-07
508.260000  4.861587e-07
508.280000  4.764700e-07
508.300000  4.669857e-07
508.320000  4.577723e-07
508.340000  4.488879e-07
508.360000  4.403812e-07
508.380000  4.322908e-07
508.400000  4.246446e-07
508.420000  4.174600e-07
508.440000  4.107435e-07
508.460000  4.044915e-07
508.480000  3.986905e-07
508.500000  3.933185e-07
508.520000  3.883455e-07
508.540000  3.837352e-07
508.560000  3.794456e-07
508.580000  3.754310e-07
508.600000  3.716431e-07
508.620000  3.680321e-07
508.640000  3.645487e-07
508.660000  3.611444e-07
508.680000  3.577736e-07
508.700000  3.543939e-07
508.720000  3.509671e-07
508.740000  3.474604e-07
508.760000  3.438462e-07
508.780000  3.401029e-07
508.800000  3.362150e-07
508.820000  3.321733e-07
508.840000  3.279742e-07
508.860000  3.236203e-07
508.880000  3.191188e-07
508.900000  3.144823e-07
508.920000  3.097268e-07
508.940000  3.048721e-07
508.960000  2.999403e-07
508.980000  2.949553e-07
509.000000  2.899422e-07
509.020000  2.849260e-07
509.040000  2.799316e-07
509.060000  2.749826e-07
509.080000  2.701011e-07
509.100000  2.653073e-07
509.120000  2.606190e-07
509.140000  2.560514e-07
509.160000  2.516169e-07
509.180000  2.473255e-07
509.200000  2.431841e-07
509.220000  2.391971e-07
509.240000  2.353664e-07
509.260000  2.316916e-07
509.280000  2.281704e-07
509.300000  2.247985e-07
509.320000  2.215704e-07
509.340000  2.184795e-07
509.360000  2.155184e-07
509.380000  2.126795e-07
509.400000  2.099548e-07
509.420000  2.073367e-07
509.440000  2.048179e-07
509.460000  2.023917e-07
509.480000  2.000519e-07
509.500000  1.977930e-07
509.520000  1.956098e-07
509.540000  1.934981e-07
509.560000  1.914536e-07
509.580000  1.894725e-07
509.600000  1.875514e-07
509.620000  1.856865e-07
509.640000  1.838744e-07
509.660000  1.821116e-07
509.680000  1.803944e-07
509.700000  1.787193e-07
509.720000  1.770826e-07
509.740000  1.754806e-07
509.760000  1.739097e-07
509.780000  1.723660e-07
509.800000  1.708460e-07
509.820000  1.693456e-07
509.840000  1.678608e-07
509.860000  1.663873e-07
509.880000  1.649203e-07
509.900000  1.634547e-07
509.920000  1.619851e-07
509.940000  1.605056e-07
509.960000  1.590098e-07
509.980000  1.574915e-07
510.000000  1.559444e-07
510.020000  1.543623e-07
510.040000  1.527399e-07
510.060000  1.510725e-07
510.080000  1.493566e-07
510.100000  1.475903e-07
510.120000  1.457729e-07
510.140000  1.439056e-07
510.160000  1.419914e-07
510.180000  1.400349e-07
510.200000  1.380423e-07
510.220000  1.360211e-07
510.240000  1.339798e-07
510.260000  1.319277e-07
510.280000  1.298744e-07
510.300000  1.278294e-07
510.320000  1.258019e-07
510.340000  1.238003e-07
510.360000  1.218324e-07
510.380000  1.199046e-07
510.400000  1.180224e-07
510.420000  1.161900e-07
510.440000  1.144107e-07
510.460000  1.126866e-07
510.480000  1.110193e-07
510.500000  1.094096e-07
510.520000  1.078577e-07
510.540000  1.063637e-07
510.560000  1.049274e-07
510.580000  1.035485e-07
510.600000  1.022267e-07
510.620000  1.009617e-07
510.640000  9.975312e-08
510.660000  9.860068e-08
510.680000  9.750397e-08
510.700000  9.646253e-08
510.720000  9.547578e-08
510.740000  9.454299e-08
510.760000  9.366324e-08
510.780000  9.283544e-08
510.800000  9.205830e-08
510.820000  9.133032e-08
510.840000  9.064984e-08
510.860000  9.001500e-08
510.880000  8.942382e-08
510.900000  8.887420e-08
510.920000  8.836393e-08
510.940000  8.789076e-08
510.960000  8.745239e-08
510.980000  8.704654e-08
511.000000  8.667096e-08
511.020000  8.632344e-08
511.040000  8.600189e-08
511.060000  8.570435e-08
511.080000  8.542899e-08
511.100000  8.517419e-08
511.120000  8.493851e-08
511.140000  8.472076e-08
511.160000  8.451999e-08
511.180000  8.433551e-08
511.200000  8.416691e-08
511.220000  8.401404e-08
511.240000  8.387704e-08
511.260000  8.375628e-08
511.280000  8.365237e-08
511.300000  8.356612e-08
511.320000  8.349849e-08
511.340000  8.345055e-08
511.360000  8.342340e-08
511.380000  8.341813e-08
511.400000  8.343574e-08
511.420000  8.347707e-08
511.440000  8.354273e-08
511.460000  8.363301e-08
511.480000  8.374782e-08
511.500000  8.388663e-08
511.520000  8.404838e-08
511.540000  8.423147e-08
511.560000  8.443368e-08
511.580000  8.465215e-08
511.600000  8.488337e-08
511.620000  8.512317e-08
511.640000  8.536671e-08
511.660000  8.560854e-08
511.680000  8.584262e-08
511.700000  8.606240e-08
511.720000  8.626091e-08
511.740000  8.643083e-08
511.760000  8.656462e-08
511.780000  8.665468e-08
511.800000  8.669342e-08
511.820000  8.667350e-08
511.840000  8.658792e-08
511.860000  8.643019e-08
511.880000  8.619446e-08
511.900000  8.587568e-08
511.920000  8.546968e-08
511.940000  8.497333e-08
511.960000  8.438457e-08
511.980000  8.370251e-08
512.000000  8.292748e-08
512.020000  8.206097e-08
512.040000  8.110568e-08
512.060000  8.006541e-08
512.080000  7.894506e-08
512.100000  7.775043e-08
512.120000  7.648818e-08
512.140000  7.516564e-08
512.160000  7.379062e-08
512.180000  7.237127e-08
512.200000  7.091593e-08
512.220000  6.943290e-08
512.240000  6.793036e-08
512.260000  6.641617e-08
512.280000  6.489771e-08
512.300000  6.338185e-08
512.320000  6.187478e-08
512.340000  6.038195e-08
512.360000  5.890811e-08
512.380000  5.745721e-08
512.400000  5.603247e-08
512.420000  5.463640e-08
512.440000  5.327085e-08
512.460000  5.193712e-08
512.480000  5.063603e-08
512.500000  4.936804e-08
512.520000  4.813332e-08
512.540000  4.693188e-08
512.560000  4.576362e-08
512.580000  4.462846e-08
512.600000  4.352635e-08
512.620000  4.245740e-08
512.640000  4.142186e-08
512.660000  4.042013e-08
512.680000  3.945279e-08
512.700000  3.852051e-08
512.720000  3.762409e-08
512.740000  3.676437e-08
512.760000  3.594222e-08
512.780000  3.515845e-08
512.800000  3.441384e-08
512.820000  3.370897e-08
512.840000  3.304425e-08
512.860000  3.241982e-08
512.880000  3.183555e-08
512.900000  3.129097e-08
512.920000  3.078530e-08
512.940000  3.031748e-08
512.960000  2.988614e-08
512.980000  2.948970e-08
513.000000  2.912639e-08
513.020000  2.879429e-08
513.040000  2.849136e-08
513.060000  2.821553e-08
513.080000  2.796469e-08
513.100000  2.773671e-08
513.120000  2.752951e-08
513.140000  2.734103e-08
513.160000  2.716932e-08
513.180000  2.701247e-08
513.200000  2.686868e-08
513.220000  2.673627e-08
513.240000  2.661358e-08
513.260000  2.649903e-08
513.280000  2.639104e-08
513.300000  2.628797e-08
513.320000  2.618805e-08
513.340000  2.608936e-08
513.360000  2.598973e-08
513.380000  2.588678e-08
513.400000  2.577785e-08
513.420000  2.566013e-08
513.440000  2.553070e-08
513.460000  2.538667e-08
513.480000  2.522529e-08
513.500000  2.504411e-08
513.520000  2.484106e-08
513.540000  2.461456e-08
513.560000  2.436354e-08
513.580000  2.408740e-08
513.600000  2.378602e-08
513.620000  2.345967e-08
513.640000  2.310898e-08
513.660000  2.273489e-08
513.680000  2.233864e-08
513.700000  2.192179e-08
513.720000  2.148625e-08
513.740000  2.103432e-08
513.760000  2.056869e-08
513.780000  2.009245e-08
513.800000  1.960903e-08
513.820000  1.912210e-08
513.840000  1.863547e-08
513.860000  1.815290e-08
513.880000  1.767798e-08
513.900000  1.721394e-08
513.920000  1.676359e-08
513.940000  1.632920e-08
513.960000  1.591248e-08
513.980000  1.551458e-08
514.000000  1.513612e-08
514.020000  1.477726e-08
514.040000  1.443778e-08
514.060000  1.411714e-08
514.080000  1.381459e-08
514.100000  1.352927e-08
514.120000  1.326024e-08
514.140000  1.300653e-08
514.160000  1.276722e-08
514.180000  1.254144e-08
514.200000  1.232838e-08
514.220000  1.212727e-08
514.240000  1.193739e-08
514.260000  1.175804e-08
514.280000  1.158850e-08
514.300000  1.142808e-08
514.320000  1.127600e-08
514.340000  1.113147e-08
514.360000  1.099367e-08
514.380000  1.086172e-08
514.400000  1.073474e-08
514.420000  1.061184e-08
514.440000  1.049217e-08
514.460000  1.037493e-08
514.480000  1.025939e-08
514.500000  1.014493e-08
514.520000  1.003105e-08
514.540000  9.917374e-09
514.560000  9.803664e-09
514.580000  9.689803e-09
514.600000  9.575793e-09
514.620000  9.461733e-09
514.640000  9.347804e-09
514.660000  9.234244e-09
514.680000  9.121332e-09
514.700000  9.009362e-09
514.720000  8.898628e-09
514.740000  8.789404e-09
514.760000  8.681937e-09
514.780000  8.576429e-09
514.800000  8.473032e-09
514.820000  8.371835e-09
514.840000  8.272859e-09
514.860000  8.176049e-09
514.880000  8.081275e-09
514.900000  7.988335e-09
514.920000  7.896962e-09
514.940000  7.806849e-09
514.960000  7.717663e-09
514.980000  7.629074e-09
515.000000  7.540776e-09
515.020000  7.452519e-09
515.040000  7.364121e-09
515.060000  7.275488e-09
515.080000  7.186625e-09
515.100000  7.097635e-09
515.120000  7.008718e-09
515.140000  6.920156e-09
515.160000  6.832301e-09
515.180000  6.745544e-09
515.200000  6.660293e-09
515.220000  6.576946e-09
515.240000  6.495866e-09
515.260000  6.417367e-09
515.280000  6.341699e-09
515.300000  6.269050e-09
515.320000  6.199548e-09
515.340000  6.133274e-09
515.360000  6.070268e-09
515.380000  6.010546e-09
515.400000  5.954108e-09
515.420000  5.900947e-09
515.440000  5.851053e-09
515.460000  5.804413e-09
515.480000  5.761011e-09
515.500000  5.720833e-09
515.520000  5.683858e-09
515.540000  5.650065e-09
515.560000  5.619429e-09
515.580000  5.591924e-09
515.600000  5.567524e-09
515.620000  5.546199e-09
515.640000  5.527915e-09
515.660000  5.512635e-09
515.680000  5.500303e-09
515.700000  5.490849e-09
515.720000  5.484174e-09
515.740000  5.480142e-09
515.760000  5.478576e-09
515.780000  5.479248e-09
515.800000  5.481876e-09
515.820000  5.486120e-09
515.840000  5.491592e-09
515.860000  5.497856e-09
515.880000  5.504445e-09
515.900000  5.510878e-09
515.920000  5.516679e-09
515.940000  5.521403e-09
515.960000  5.524659e-09
515.980000  5.526136e-09
516.000000  5.525621e-09
516.020000  5.523013e-09
516.040000  5.518328e-09
516.060000  5.511692e-09
516.080000  5.503327e-09
516.100000  5.493531e-09
516.120000  5.482652e-09
516.140000  5.471061e-09
516.160000  5.459124e-09
516.180000  5.447183e-09
516.200000  5.435539e-09
516.220000  5.424437e-09
516.240000  5.414067e-09
516.260000  5.404561e-09
516.280000  5.396009e-09
516.300000  5.388462e-09
516.320000  5.381952e-09
516.340000  5.376498e-09
516.360000  5.372116e-09
516.380000  5.368823e-09
516.400000  5.366640e-09
516.420000  5.365588e-09
516.440000  5.365687e-09
516.460000  5.366953e-09
516.480000  5.369393e-09
516.500000  5.373004e-09
516.520000  5.377776e-09
516.540000  5.383687e-09
516.560000  5.390711e-09
516.580000  5.398821e-09
516.600000  5.407990e-09
516.620000  5.418199e-09
516.640000  5.429434e-09
516.660000  5.441690e-09
516.680000  5.454967e-09
516.700000  5.469266e-09
516.720000  5.484589e-09
516.740000  5.500934e-09
516.760000  5.518294e-09
516.780000  5.536657e-09
516.800000  5.556011e-09
516.820000  5.576338e-09
516.840000  5.597626e-09
516.860000  5.619861e-09
516.880000  5.643036e-09
516.900000  5.667146e-09
516.920000  5.692193e-09
516.940000  5.718182e-09
516.960000  5.745120e-09
516.980000  5.773019e-09
517.000000  5.801891e-09
517.020000  5.831747e-09
517.040000  5.862600e-09
517.060000  5.894462e-09
517.080000  5.927348e-09
517.100000  5.961278e-09
517.120000  5.996278e-09
517.140000  6.032382e-09
517.160000  6.069633e-09
517.180000  6.108078e-09
517.200000  6.147770e-09
517.220000  6.188762e-09
517.240000  6.231109e-09
517.260000  6.274866e-09
517.280000  6.320087e-09
517.300000  6.366828e-09
517.320000  6.415146e-09
517.340000  6.465100e-09
517.360000  6.516747e-09
517.380000  6.570144e-09
517.400000  6.625343e-09
517.420000  6.682394e-09
517.440000  6.741339e-09
517.460000  6.802218e-09
517.480000  6.865065e-09
517.500000  6.929911e-09
517.520000  6.996786e-09
517.540000  7.065717e-09
517.560000  7.136731e-09
517.580000  7.209856e-09
517.600000  7.285119e-09
517.620000  7.362550e-09
517.640000  7.442183e-09
517.660000  7.524055e-09
517.680000  7.608219e-09
517.700000  7.694741e-09
517.720000  7.783711e-09
517.740000  7.875254e-09
517.760000  7.969531e-09
517.780000  8.066750e-09
517.800000  8.167172e-09
517.820000  8.271106e-09
517.840000  8.378918e-09
517.860000  8.491017e-09
517.880000  8.607858e-09
517.900000  8.729929e-09
517.920000  8.857744e-09
517.940000  8.991837e-09
517.960000  9.132756e-09
517.980000  9.281056e-09
518.000000  9.437295e-09
518.020000  9.602040e-09
518.040000  9.775860e-09
518.060000  9.959334e-09
518.080000  1.015305e-08
518.100000  1.035763e-08
518.120000  1.057371e-08
518.140000  1.080195e-08
518.160000  1.104307e-08
518.180000  1.129784e-08
518.200000  1.156709e-08
518.220000  1.185170e-08
518.240000  1.215266e-08
518.260000  1.247102e-08
518.280000  1.280795e-08
518.300000  1.316473e-08
518.320000  1.354276e-08
518.340000  1.394357e-08
518.360000  1.436886e-08
518.380000  1.482049e-08
518.400000  1.530050e-08
518.420000  1.581115e-08
518.440000  1.635491e-08
518.460000  1.693450e-08
518.480000  1.755294e-08
518.500000  1.821353e-08
518.520000  1.891991e-08
518.540000  1.967607e-08
518.560000  2.048645e-08
518.580000  2.135590e-08
518.600000  2.228977e-08
518.620000  2.329395e-08
518.640000  2.437488e-08
518.660000  2.553956e-08
518.680000  2.679557e-08
518.700000  2.815101e-08
518.720000  2.961437e-08
518.740000  3.119442e-08
518.760000  3.289996e-08
518.780000  3.473952e-08
518.800000  3.672098e-08
518.820000  3.885117e-08
518.840000  4.113536e-08
518.860000  4.357676e-08
518.880000  4.617614e-08
518.900000  4.893134e-08
518.920000  5.183709e-08
518.940000  5.488487e-08
518.960000  5.806299e-08
518.980000  6.135687e-08
519.000000  6.474949e-08
519.020000  6.822191e-08
519.040000  7.175390e-08
519.060000  7.532458e-08
519.080000  7.891304e-08
519.100000  8.249889e-08
519.120000  8.606277e-08
519.140000  8.958674e-08
519.160000  9.305458e-08
519.180000  9.645197e-08
519.200000  9.976651e-08
519.220000  1.029877e-07
519.240000  1.061069e-07
519.260000  1.091174e-07
519.280000  1.120145e-07
519.300000  1.147954e-07
519.320000  1.174595e-07
519.340000  1.200080e-07
519.360000  1.224432e-07
519.380000  1.247677e-07
519.400000  1.269828e-07
519.420000  1.290873e-07
519.440000  1.310765e-07
519.460000  1.329415e-07
519.480000  1.346696e-07
519.500000  1.362451e-07
519.520000  1.376508e-07
519.540000  1.388697e-07
519.560000  1.398868e-07
519.580000  1.406903e-07
519.600000  1.412729e-07
519.620000  1.416320e-07
519.640000  1.417690e-07
519.660000  1.416892e-07
519.680000  1.413998e-07
519.700000  1.409094e-07
519.720000  1.402267e-07
519.740000  1.393597e-07
519.760000  1.383161e-07
519.780000  1.371032e-07
519.800000  1.357293e-07
519.820000  1.342039e-07
519.840000  1.325388e-07
519.860000  1.307475e-07
519.880000  1.288452e-07
519.900000  1.268481e-07
519.920000  1.247718e-07
519.940000  1.226314e-07
519.960000  1.204402e-07
519.980000  1.182100e-07
520.000000  1.159511e-07
520.020000  1.136723e-07
520.040000  1.113814e-07
520.060000  1.090853e-07
520.080000  1.067900e-07
520.100000  1.045010e-07
520.120000  1.022231e-07
520.140000  9.996064e-08
520.160000  9.771789e-08
520.180000  9.549902e-08
520.200000  9.330837e-08
520.220000  9.115051e-08
520.240000  8.903031e-08
520.260000  8.695277e-08
520.280000  8.492282e-08
520.300000  8.294505e-08
520.320000  8.102335e-08
520.340000  7.916065e-08
520.360000  7.735861e-08
520.380000  7.561742e-08
520.400000  7.393571e-08
520.420000  7.231054e-08
520.440000  7.073749e-08
520.460000  6.921082e-08
520.480000  6.772381e-08
520.500000  6.626901e-08
520.520000  6.483875e-08
520.540000  6.342548e-08
520.560000  6.202221e-08
520.580000  6.062290e-08
520.600000  5.922272e-08
520.620000  5.781823e-08
520.640000  5.640743e-08
520.660000  5.498971e-08
520.680000  5.356562e-08
520.700000  5.213662e-08
520.720000  5.070475e-08
520.740000  4.927228e-08
520.760000  4.784144e-08
520.780000  4.641420e-08
520.800000  4.499210e-08
520.820000  4.357629e-08
520.840000  4.216751e-08
520.860000  4.076632e-08
520.880000  3.937323e-08
520.900000  3.798894e-08
520.920000  3.661450e-08
520.940000  3.525149e-08
520.960000  3.390201e-08
520.980000  3.256879e-08
521.000000  3.125503e-08
521.020000  2.996432e-08
521.040000  2.870050e-08
521.060000  2.746745e-08
521.080000  2.626892e-08
521.100000  2.510840e-08
521.120000  2.398891e-08
521.140000  2.291301e-08
521.160000  2.188263e-08
521.180000  2.089910e-08
521.200000  1.996316e-08
521.220000  1.907496e-08
521.240000  1.823412e-08
521.260000  1.743982e-08
521.280000  1.669083e-08
521.300000  1.598563e-08
521.320000  1.532243e-08
521.340000  1.469930e-08
521.360000  1.411417e-08
521.380000  1.356491e-08
521.400000  1.304941e-08
521.420000  1.256552e-08
521.440000  1.211120e-08
521.460000  1.168443e-08
521.480000  1.128331e-08
521.500000  1.090602e-08
521.520000  1.055085e-08
521.540000  1.021618e-08
521.560000  9.900524e-09
521.580000  9.602480e-09
521.600000  9.320758e-09
521.620000  9.054168e-09
521.640000  8.801610e-09
521.660000  8.562078e-09
521.680000  8.334646e-09
521.700000  8.118465e-09
521.720000  7.912756e-09
521.740000  7.716802e-09
521.760000  7.529946e-09
521.780000  7.351585e-09
521.800000  7.181162e-09
521.820000  7.018168e-09
521.840000  6.862137e-09
521.860000  6.712638e-09
521.880000  6.569278e-09
521.900000  6.431696e-09
521.920000  6.299559e-09
521.940000  6.172558e-09
521.960000  6.050408e-09
521.980000  5.932845e-09
522.000000  5.819621e-09
522.020000  5.710506e-09
522.040000  5.605285e-09
522.060000  5.503758e-09
522.080000  5.405737e-09
522.100000  5.311049e-09
522.120000  5.219532e-09
522.140000  5.131035e-09
522.160000  5.045417e-09
522.180000  4.962549e-09
522.200000  4.882306e-09
522.220000  4.804572e-09
522.240000  4.729236e-09
522.260000  4.656191e-09
522.280000  4.585335e-09
522.300000  4.516571e-09
522.320000  4.449808e-09
522.340000  4.384961e-09
522.360000  4.321952e-09
522.380000  4.260711e-09
522.400000  4.201173e-09
522.420000  4.143276e-09
522.440000  4.086964e-09
522.460000  4.032180e-09
522.480000  3.978870e-09
522.500000  3.926980e-09
522.520000  3.876458e-09
522.540000  3.827255e-09
522.560000  3.779322e-09
522.580000  3.732615e-09
522.600000  3.687094e-09
522.620000  3.642722e-09
522.640000  3.599464e-09
522.660000  3.557290e-09
522.680000  3.516169e-09
522.700000  3.476073e-09
522.720000  3.436972e-09
522.740000  3.398838e-09
522.760000  3.361638e-09
522.780000  3.325343e-09
522.800000  3.289920e-09
522.820000  3.255340e-09
522.840000  3.221575e-09
522.860000  3.188604e-09
522.880000  3.156407e-09
522.900000  3.124971e-09
522.920000  3.094285e-09
522.940000  3.064338e-09
522.960000  3.035121e-09
522.980000  3.006621e-09
523.000000  2.978823e-09
523.020000  2.951709e-09
523.040000  2.925262e-09
523.060000  2.899462e-09
523.080000  2.874296e-09
523.100000  2.849751e-09
523.120000  2.825820e-09
523.140000  2.802499e-09
523.160000  2.779785e-09
523.180000  2.757677e-09
523.200000  2.736173e-09
523.220000  2.715268e-09
523.240000  2.694953e-09
523.260000  2.675218e-09
523.280000  2.656047e-09
523.300000  2.637424e-09
523.320000  2.619333e-09
523.340000  2.601758e-09
523.360000  2.584687e-09
523.380000  2.568109e-09
523.400000  2.552010e-09
523.420000  2.536372e-09
523.440000  2.521165e-09
523.460000  2.506339e-09
523.480000  2.491818e-09
523.500000  2.477495e-09
523.520000  2.463233e-09
523.540000  2.448867e-09
523.560000  2.434211e-09
523.580000  2.419068e-09
523.600000  2.403247e-09
523.620000  2.386571e-09
523.640000  2.368897e-09
523.660000  2.350122e-09
523.680000  2.330197e-09
523.700000  2.309127e-09
523.720000  2.286974e-09
523.740000  2.263847e-09
523.760000  2.239898e-09
523.780000  2.215309e-09
523.800000  2.190278e-09
523.820000  2.165009e-09
523.840000  2.139699e-09
523.860000  2.114531e-09
523.880000  2.089665e-09
523.900000  2.065237e-09
523.920000  2.041355e-09
523.940000  2.018100e-09
523.960000  1.995528e-09
523.980000  1.973670e-09
524.000000  1.952541e-09
524.020000  1.932139e-09
524.040000  1.912449e-09
524.060000  1.893447e-09
524.080000  1.875105e-09
524.100000  1.857390e-09
524.120000  1.840265e-09
524.140000  1.823696e-09
524.160000  1.807647e-09
524.180000  1.792085e-09
524.200000  1.776978e-09
524.220000  1.762297e-09
524.240000  1.748012e-09
524.260000  1.734100e-09
524.280000  1.720536e-09
524.300000  1.707300e-09
524.320000  1.694370e-09
524.340000  1.681730e-09
524.360000  1.669363e-09
524.380000  1.657254e-09
524.400000  1.645389e-09
524.420000  1.633756e-09
524.440000  1.622344e-09
524.460000  1.611143e-09
524.480000  1.600141e-09
524.500000  1.589331e-09
524.520000  1.578705e-09
524.540000  1.568255e-09
524.560000  1.557974e-09
524.580000  1.547855e-09
524.600000  1.537893e-09
524.620000  1.528082e-09
524.640000  1.518417e-09
524.660000  1.508893e-09
524.680000  1.499505e-09
524.700000  1.490249e-09
524.720000  1.481122e-09
524.740000  1.472119e-09
524.760000  1.463237e-09
524.780000  1.454473e-09
524.800000  1.445822e-09
524.820000  1.437283e-09
524.840000  1.428853e-09
524.860000  1.420528e-09
524.880000  1.412307e-09
524.900000  1.404186e-09
524.920000  1.396163e-09
524.940000  1.388237e-09
524.960000  1.380404e-09
524.980000  1.372663e-09
525.000000  1.365012e-09
525.020000  1.357449e-09
525.040000  1.349972e-09
525.060000  1.342580e-09
525.080000  1.335270e-09
525.100000  1.328041e-09
525.120000  1.320891e-09
525.140000  1.313820e-09
525.160000  1.306824e-09
525.180000  1.299904e-09
525.200000  1.293057e-09
525.220000  1.286283e-09
525.240000  1.279579e-09
525.260000  1.272946e-09
525.280000  1.266380e-09
525.300000  1.259882e-09
525.320000  1.253450e-09
525.340000  1.247087e-09
525.360000  1.240788e-09
525.380000  1.234551e-09
525.400000  1.228377e-09
525.420000  1.222263e-09
525.440000  1.216209e-09
525.460000  1.210214e-09
525.480000  1.204277e-09
525.500000  1.198397e-09
525.520000  1.192573e-09
525.540000  1.186804e-09
525.560000  1.181090e-09
525.580000  1.175429e-09
525.600000  1.169821e-09
525.620000  1.164265e-09
525.640000  1.158760e-09
525.660000  1.153306e-09
525.680000  1.147901e-09
525.700000  1.142546e-09
525.720000  1.137238e-09
525.740000  1.131979e-09
525.760000  1.126766e-09
525.780000  1.121599e-09
525.800000  1.116478e-09
525.820000  1.111402e-09
525.840000  1.106371e-09
525.860000  1.101383e-09
525.880000  1.096439e-09
525.900000  1.091537e-09
525.920000  1.086677e-09
525.940000  1.081858e-09
525.960000  1.077080e-09
525.980000  1.072343e-09
526.000000  1.067646e-09
526.020000  1.062987e-09
526.040000  1.058368e-09
526.060000  1.053786e-09
526.080000  1.049243e-09
526.100000  1.044737e-09
526.120000  1.040267e-09
526.140000  1.035834e-09
526.160000  1.031437e-09
526.180000  1.027075e-09
526.200000  1.022749e-09
526.220000  1.018456e-09
526.240000  1.014198e-09
526.260000  1.009974e-09
526.280000  1.005783e-09
526.300000  1.001625e-09
526.320000  9.974989e-10
526.340000  9.934053e-10
526.360000  9.893434e-10
526.380000  9.853128e-10
526.400000  9.813131e-10
526.420000  9.773441e-10
526.440000  9.734053e-10
526.460000  9.694964e-10
526.480000  9.656169e-10
526.500000  9.617667e-10
526.520000  9.579453e-10
526.540000  9.541524e-10
526.560000  9.503877e-10
526.580000  9.466509e-10
526.600000  9.429416e-10
526.620000  9.392595e-10
526.640000  9.356043e-10
526.660000  9.319758e-10
526.680000  9.283736e-10
526.700000  9.247974e-10
526.720000  9.212469e-10
526.740000  9.177219e-10
526.760000  9.142221e-10
526.780000  9.107472e-10
526.800000  9.072969e-10
526.820000  9.038709e-10
526.840000  9.004691e-10
526.860000  8.970910e-10
526.880000  8.937366e-10
526.900000  8.904055e-10
526.920000  8.870974e-10
526.940000  8.838122e-10
526.960000  8.805496e-10
526.980000  8.773093e-10
527.000000  8.740911e-10
527.020000  8.708948e-10
527.040000  8.677202e-10
527.060000  8.645670e-10
527.080000  8.614350e-10
527.100000  8.583240e-10
527.120000  8.552338e-10
527.140000  8.521641e-10
527.160000  8.491148e-10
527.180000  8.460857e-10
527.200000  8.430764e-10
527.220000  8.400869e-10
527.240000  8.371170e-10
527.260000  8.341664e-10
527.280000  8.312350e-10
527.300000  8.283225e-10
527.320000  8.254288e-10
527.340000  8.225537e-10
527.360000  8.196970e-10
527.380000  8.168585e-10
527.400000  8.140381e-10
527.420000  8.112355e-10
527.440000  8.084506e-10
527.460000  8.056833e-10
527.480000  8.029333e-10
527.500000  8.002006e-10
527.520000  7.974848e-10
527.540000  7.947860e-10
527.560000  7.921038e-10
527.580000  7.894382e-10
527.600000  7.867889e-10
527.620000  7.841559e-10
527.640000  7.815390e-10
527.660000  7.789381e-10
527.680000  7.763529e-10
527.700000  7.737834e-10
527.720000  7.712293e-10
527.740000  7.686906e-10
527.760000  7.661671e-10
527.780000  7.636587e-10
527.800000  7.611653e-10
527.820000  7.586866e-10
527.840000  7.562226e-10
527.860000  7.537732e-10
527.880000  7.513381e-10
