448.140000  2.390996e-12
448.160000  2.469635e-12
448.180000  2.549388e-12
448.200000  2.630223e-12
448.220000  2.712109e-12
448.240000  2.795013e-12
448.260000  2.878902e-12
448.280000  2.963746e-12
448.300000  3.049511e-12
448.320000  3.136167e-12
448.340000  3.223683e-12
448.360000  3.312030e-12
448.380000  3.401179e-12
448.400000  3.491102e-12
448.420000  3.581772e-12
448.440000  3.673164e-12
448.460000  3.765254e-12
448.480000  3.858020e-12
448.500000  3.951441e-12
448.520000  4.045499e-12
448.540000  4.140175e-12
448.560000  4.235454e-12
448.580000  4.331323e-12
448.600000  4.427770e-12
448.620000  4.524786e-12
448.640000  4.622363e-12
448.660000  4.720497e-12
448.680000  4.819183e-12
448.700000  4.918421e-12
448.720000  5.018211e-12
448.740000  5.118558e-12
448.760000  5.219466e-12
448.780000  5.320943e-12
448.800000  5.422999e-12
448.820000  5.525644e-12
448.840000  5.628894e-12
448.860000  5.732764e-12
448.880000  5.837270e-12
448.900000  5.942434e-12
448.920000  6.048277e-12
448.940000  6.154822e-12
448.960000  6.262094e-12
448.980000  6.370120e-12
449.000000  6.478929e-12
449.020000  6.588550e-12
449.040000  6.699017e-12
449.060000  6.810361e-12
449.080000  6.922617e-12
449.100000  7.035822e-12
449.120000  7.150012e-12
449.140000  7.265227e-12
449.160000  7.381505e-12
449.180000  7.498889e-12
449.200000  7.617420e-12
449.220000  7.737140e-12
449.240000  7.858095e-12
449.260000  7.980329e-12
449.280000  8.103888e-12
449.300000  8.228819e-12
449.320000  8.355170e-12
449.340000  8.482989e-12
449.360000  8.612325e-12
449.380000  8.743229e-12
449.400000  8.875751e-12
449.420000  9.009943e-12
449.440000  9.145857e-12
449.460000  9.283545e-12
449.480000  9.423063e-12
449.500000  9.564462e-12
449.520000  9.707800e-12
449.540000  9.853131e-12
449.560000  1.000051e-11
449.580000  1.015000e-11
449.600000  1.030165e-11
449.620000  1.045552e-11
449.640000  1.061167e-11
449.660000  1.077017e-11
449.680000  1.093106e-11
449.700000  1.109441e-11
449.720000  1.126029e-11
449.740000  1.142876e-11
449.760000  1.159987e-11
449.780000  1.177369e-11
449.800000  1.195030e-11
449.820000  1.212974e-11
449.840000  1.231209e-11
449.860000  1.249742e-11
449.880000  1.268579e-11
449.900000  1.287728e-11
449.920000  1.307194e-11
449.940000  1.326986e-11
449.960000  1.347110e-11
449.980000  1.367573e-11
450.000000  1.388383e-11
450.020000  1.409547e-11
450.040000  1.431073e-11
450.060000  1.452968e-11
450.080000  1.475240e-11
450.100000  1.497897e-11
450.120000  1.520946e-11
450.140000  1.544396e-11
450.160000  1.568254e-11
450.180000  1.592529e-11
450.200000  1.617229e-11
450.220000  1.642363e-11
450.240000  1.667938e-11
450.260000  1.693964e-11
450.280000  1.720448e-11
450.300000  1.747401e-11
450.320000  1.774830e-11
450.340000  1.802746e-11
450.360000  1.831156e-11
450.380000  1.860070e-11
450.400000  1.889497e-11
450.420000  1.919448e-11
450.440000  1.949931e-11
450.460000  1.980956e-11
450.480000  2.012532e-11
450.500000  2.044671e-11
450.520000  2.077381e-11
450.540000  2.110673e-11
450.560000  2.144556e-11
450.580000  2.179042e-11
450.600000  2.214141e-11
450.620000  2.249863e-11
450.640000  2.286218e-11
450.660000  2.323218e-11
450.680000  2.360874e-11
450.700000  2.399196e-11
450.720000  2.438195e-11
450.740000  2.477883e-11
450.760000  2.518270e-11
450.780000  2.559369e-11
450.800000  2.601191e-11
450.820000  2.643746e-11
450.840000  2.687048e-11
450.860000  2.731107e-11
450.880000  2.775936e-11
450.900000  2.821547e-11
450.920000  2.867951e-11
450.940000  2.915161e-11
450.960000  2.963189e-11
450.980000  3.012047e-11
451.000000  3.061748e-11
451.020000  3.112305e-11
451.040000  3.163730e-11
451.060000  3.216035e-11
451.080000  3.269234e-11
451.100000  3.323339e-11
451.120000  3.378364e-11
451.140000  3.434320e-11
451.160000  3.491222e-11
451.180000  3.549082e-11
451.200000  3.607914e-11
451.220000  3.667730e-11
451.240000  3.728544e-11
451.260000  3.790370e-11
451.280000  3.853220e-11
451.300000  3.917108e-11
451.320000  3.982048e-11
451.340000  4.048052e-11
451.360000  4.115135e-11
451.380000  4.183309e-11
451.400000  4.252588e-11
451.420000  4.322986e-11
451.440000  4.394516e-11
451.460000  4.467191e-11
451.480000  4.541025e-11
451.500000  4.616031e-11
451.520000  4.692222e-11
451.540000  4.769612e-11
451.560000  4.848213e-11
451.580000  4.928039e-11
451.600000  5.009102e-11
451.620000  5.091416e-11
451.640000  5.174993e-11
451.660000  5.259846e-11
451.680000  5.345987e-11
451.700000  5.433429e-11
451.720000  5.522184e-11
451.740000  5.612264e-11
451.760000  5.703680e-11
451.780000  5.796445e-11
451.800000  5.890570e-11
451.820000  5.986065e-11
451.840000  6.082942e-11
451.860000  6.181211e-11
451.880000  6.280883e-11
451.900000  6.381968e-11
451.920000  6.484476e-11
451.940000  6.588416e-11
451.960000  6.693796e-11
451.980000  6.800627e-11
452.000000  6.908916e-11
452.020000  7.018671e-11
452.040000  7.129900e-11
452.060000  7.242610e-11
452.080000  7.356807e-11
452.100000  7.472498e-11
452.120000  7.589688e-11
452.140000  7.708383e-11
452.160000  7.828587e-11
452.180000  7.950305e-11
452.200000  8.073539e-11
452.220000  8.198293e-11
452.240000  8.324569e-11
452.260000  8.452369e-11
452.280000  8.581693e-11
452.300000  8.712544e-11
452.320000  8.844919e-11
452.340000  8.978818e-11
452.360000  9.114240e-11
452.380000  9.251182e-11
452.400000  9.389641e-11
452.420000  9.529612e-11
452.440000  9.671092e-11
452.460000  9.814074e-11
452.480000  9.958553e-11
452.500000  1.010452e-10
452.520000  1.025197e-10
452.540000  1.040089e-10
452.560000  1.055127e-10
452.580000  1.070311e-10
452.600000  1.085638e-10
452.620000  1.101109e-10
452.640000  1.116720e-10
452.660000  1.132472e-10
452.680000  1.148362e-10
452.700000  1.164389e-10
452.720000  1.180551e-10
452.740000  1.196846e-10
452.760000  1.213273e-10
452.780000  1.229828e-10
452.800000  1.246512e-10
452.820000  1.263320e-10
452.840000  1.280251e-10
452.860000  1.297302e-10
452.880000  1.314471e-10
452.900000  1.331756e-10
452.920000  1.349152e-10
452.940000  1.366659e-10
452.960000  1.384273e-10
452.980000  1.401990e-10
453.000000  1.419808e-10
453.020000  1.437724e-10
453.040000  1.455735e-10
453.060000  1.473836e-10
453.080000  1.492025e-10
453.100000  1.510299e-10
453.120000  1.528653e-10
453.140000  1.547084e-10
453.160000  1.565588e-10
453.180000  1.584162e-10
453.200000  1.602801e-10
453.220000  1.621502e-10
453.240000  1.640260e-10
453.260000  1.659072e-10
453.280000  1.677934e-10
453.300000  1.696841e-10
453.320000  1.715788e-10
453.340000  1.734773e-10
453.360000  1.753790e-10
453.380000  1.772834e-10
453.400000  1.791903e-10
453.420000  1.810991e-10
453.440000  1.830093e-10
453.460000  1.849206e-10
453.480000  1.868324e-10
453.500000  1.887444e-10
453.520000  1.906561e-10
453.540000  1.925670e-10
453.560000  1.944767e-10
453.580000  1.963847e-10
453.600000  1.982906e-10
453.620000  2.001939e-10
453.640000  2.020943e-10
453.660000  2.039911e-10
453.680000  2.058841e-10
453.700000  2.077728e-10
453.720000  2.096567e-10
453.740000  2.115354e-10
453.760000  2.134085e-10
453.780000  2.152756e-10
453.800000  2.171363e-10
453.820000  2.189902e-10
453.840000  2.208368e-10
453.860000  2.226758e-10
453.880000  2.245069e-10
453.900000  2.263296e-10
453.920000  2.281436e-10
453.940000  2.299486e-10
453.960000  2.317441e-10
453.980000  2.335299e-10
454.000000  2.353057e-10
454.020000  2.370711e-10
454.040000  2.388258e-10
454.060000  2.405697e-10
454.080000  2.423023e-10
454.100000  2.440234e-10
454.120000  2.457328e-10
454.140000  2.474303e-10
454.160000  2.491156e-10
454.180000  2.507885e-10
454.200000  2.524489e-10
454.220000  2.540965e-10
454.240000  2.557312e-10
454.260000  2.573529e-10
454.280000  2.589613e-10
454.300000  2.605565e-10
454.320000  2.621382e-10
454.340000  2.637064e-10
454.360000  2.652610e-10
454.380000  2.668019e-10
454.400000  2.683292e-10
454.420000  2.698428e-10
454.440000  2.713426e-10
454.460000  2.728286e-10
454.480000  2.743010e-10
454.500000  2.757596e-10
454.520000  2.772046e-10
454.540000  2.786359e-10
454.560000  2.800538e-10
454.580000  2.814582e-10
454.600000  2.828492e-10
454.620000  2.842271e-10
454.640000  2.855918e-10
454.660000  2.869436e-10
454.680000  2.882826e-10
454.700000  2.896089e-10
454.720000  2.909228e-10
454.740000  2.922244e-10
454.760000  2.935140e-10
454.780000  2.947917e-10
454.800000  2.960578e-10
454.820000  2.973125e-10
454.840000  2.985561e-10
454.860000  2.997888e-10
454.880000  3.010109e-10
454.900000  3.022226e-10
454.920000  3.034244e-10
454.940000  3.046163e-10
454.960000  3.057989e-10
454.980000  3.069723e-10
455.000000  3.081369e-10
455.020000  3.092930e-10
455.040000  3.104410e-10
455.060000  3.115811e-10
455.080000  3.127138e-10
455.100000  3.138394e-10
455.120000  3.149582e-10
455.140000  3.160705e-10
455.160000  3.171769e-10
455.180000  3.182776e-10
455.200000  3.193730e-10
455.220000  3.204634e-10
455.240000  3.215493e-10
455.260000  3.226310e-10
455.280000  3.237089e-10
455.300000  3.247834e-10
455.320000  3.258549e-10
455.340000  3.269237e-10
455.360000  3.279902e-10
455.380000  3.290548e-10
455.400000  3.301179e-10
455.420000  3.311799e-10
455.440000  3.322411e-10
455.460000  3.333019e-10
455.480000  3.343627e-10
455.500000  3.354238e-10
455.520000  3.364856e-10
455.540000  3.375485e-10
455.560000  3.386129e-10
455.580000  3.396790e-10
455.600000  3.407473e-10
455.620000  3.418181e-10
455.640000  3.428917e-10
455.660000  3.439684e-10
455.680000  3.450487e-10
455.700000  3.461327e-10
455.720000  3.472209e-10
455.740000  3.483136e-10
455.760000  3.494110e-10
455.780000  3.505134e-10
455.800000  3.516212e-10
455.820000  3.527345e-10
455.840000  3.538538e-10
455.860000  3.549793e-10
455.880000  3.561112e-10
455.900000  3.572497e-10
455.920000  3.583952e-10
455.940000  3.595479e-10
455.960000  3.607079e-10
455.980000  3.618756e-10
456.000000  3.630511e-10
456.020000  3.642346e-10
456.040000  3.654263e-10
456.060000  3.666264e-10
456.080000  3.678351e-10
456.100000  3.690525e-10
456.120000  3.702788e-10
456.140000  3.715142e-10
456.160000  3.727587e-10
456.180000  3.740125e-10
456.200000  3.752758e-10
456.220000  3.765485e-10
456.240000  3.778309e-10
456.260000  3.791230e-10
456.280000  3.804249e-10
456.300000  3.817366e-10
456.320000  3.830582e-10
456.340000  3.843898e-10
456.360000  3.857313e-10
456.380000  3.870829e-10
456.400000  3.884445e-10
456.420000  3.898161e-10
456.440000  3.911978e-10
456.460000  3.925895e-10
456.480000  3.939911e-10
456.500000  3.954028e-10
456.520000  3.968243e-10
456.540000  3.982557e-10
456.560000  3.996968e-10
456.580000  4.011477e-10
456.600000  4.026082e-10
456.620000  4.040783e-10
456.640000  4.055578e-10
456.660000  4.070465e-10
456.680000  4.085445e-10
456.700000  4.100515e-10
456.720000  4.115675e-10
456.740000  4.130922e-10
456.760000  4.146255e-10
456.780000  4.161672e-10
456.800000  4.177171e-10
456.820000  4.192751e-10
456.840000  4.208410e-10
456.860000  4.224145e-10
456.880000  4.239954e-10
456.900000  4.255835e-10
456.920000  4.271786e-10
456.940000  4.287804e-10
456.960000  4.303886e-10
456.980000  4.320031e-10
457.000000  4.336235e-10
457.020000  4.352496e-10
457.040000  4.368810e-10
457.060000  4.385175e-10
457.080000  4.401589e-10
457.100000  4.418047e-10
457.120000  4.434546e-10
457.140000  4.451084e-10
457.160000  4.467657e-10
457.180000  4.484261e-10
457.200000  4.500894e-10
457.220000  4.517552e-10
457.240000  4.534230e-10
457.260000  4.550927e-10
457.280000  4.567637e-10
457.300000  4.584357e-10
457.320000  4.601083e-10
457.340000  4.617812e-10
457.360000  4.634539e-10
457.380000  4.651260e-10
457.400000  4.667971e-10
457.420000  4.684669e-10
457.440000  4.701349e-10
457.460000  4.718007e-10
457.480000  4.734638e-10
457.500000  4.751238e-10
457.520000  4.767803e-10
457.540000  4.784329e-10
457.560000  4.800811e-10
457.580000  4.817244e-10
457.600000  4.833624e-10
457.620000  4.849946e-10
457.640000  4.866207e-10
457.660000  4.882400e-10
457.680000  4.898522e-10
457.700000  4.914568e-10
457.720000  4.930533e-10
457.740000  4.946412e-10
457.760000  4.962201e-10
457.780000  4.977894e-10
457.800000  4.993488e-10
457.820000  5.008976e-10
457.840000  5.024354e-10
457.860000  5.039618e-10
457.880000  5.054762e-10
457.900000  5.069781e-10
457.920000  5.084671e-10
457.940000  5.099426e-10
457.960000  5.114042e-10
457.980000  5.128513e-10
458.000000  5.142835e-10
458.020000  5.157002e-10
458.040000  5.171010e-10
458.060000  5.184854e-10
458.080000  5.198528e-10
458.100000  5.212028e-10
458.120000  5.225348e-10
458.140000  5.238484e-10
458.160000  5.251431e-10
458.180000  5.264184e-10
458.200000  5.276738e-10
458.220000  5.289087e-10
458.240000  5.301228e-10
458.260000  5.313154e-10
458.280000  5.324862e-10
458.300000  5.336347e-10
458.320000  5.347603e-10
458.340000  5.358625e-10
458.360000  5.369410e-10
458.380000  5.379952e-10
458.400000  5.390247e-10
458.420000  5.400290e-10
458.440000  5.410077e-10
458.460000  5.419602e-10
458.480000  5.428861e-10
458.500000  5.437851e-10
458.520000  5.446566e-10
458.540000  5.455001e-10
458.560000  5.463154e-10
458.580000  5.471019e-10
458.600000  5.478593e-10
458.620000  5.485871e-10
458.640000  5.492849e-10
458.660000  5.499523e-10
458.680000  5.505889e-10
458.700000  5.511944e-10
458.720000  5.517684e-10
458.740000  5.523105e-10
458.760000  5.528203e-10
458.780000  5.532975e-10
458.800000  5.537417e-10
458.820000  5.541527e-10
458.840000  5.545301e-10
458.860000  5.548736e-10
458.880000  5.551829e-10
458.900000  5.554577e-10
458.920000  5.556977e-10
458.940000  5.559027e-10
458.960000  5.560724e-10
458.980000  5.562065e-10
459.000000  5.563049e-10
459.020000  5.563672e-10
459.040000  5.563934e-10
459.060000  5.563832e-10
459.080000  5.563364e-10
459.100000  5.562528e-10
459.120000  5.561324e-10
459.140000  5.559749e-10
459.160000  5.557803e-10
459.180000  5.555484e-10
459.200000  5.552791e-10
459.220000  5.549723e-10
459.240000  5.546280e-10
459.260000  5.542461e-10
459.280000  5.538266e-10
459.300000  5.533695e-10
459.320000  5.528747e-10
459.340000  5.523422e-10
459.360000  5.517721e-10
459.380000  5.511644e-10
459.400000  5.505192e-10
459.420000  5.498364e-10
459.440000  5.491163e-10
459.460000  5.483589e-10
459.480000  5.475642e-10
459.500000  5.467326e-10
459.520000  5.458639e-10
459.540000  5.449586e-10
459.560000  5.440166e-10
459.580000  5.430382e-10
459.600000  5.420236e-10
459.620000  5.409730e-10
459.640000  5.398866e-10
459.660000  5.387648e-10
459.680000  5.376076e-10
459.700000  5.364155e-10
459.720000  5.351887e-10
459.740000  5.339274e-10
459.760000  5.326321e-10
459.780000  5.313029e-10
459.800000  5.299404e-10
459.820000  5.285447e-10
459.840000  5.271163e-10
459.860000  5.256556e-10
459.880000  5.241628e-10
459.900000  5.226385e-10
459.920000  5.210829e-10
459.940000  5.194967e-10
459.960000  5.178800e-10
459.980000  5.162334e-10
460.000000  5.145574e-10
460.020000  5.128523e-10
460.040000  5.111186e-10
460.060000  5.093569e-10
460.080000  5.075675e-10
460.100000  5.057509e-10
460.120000  5.039077e-10
460.140000  5.020383e-10
460.160000  5.001432e-10
460.180000  4.982230e-10
460.200000  4.962781e-10
460.220000  4.943090e-10
460.240000  4.923164e-10
460.260000  4.903006e-10
460.280000  4.882622e-10
460.300000  4.862018e-10
460.320000  4.841199e-10
460.340000  4.820169e-10
460.360000  4.798936e-10
460.380000  4.777503e-10
460.400000  4.755877e-10
460.420000  4.734063e-10
460.440000  4.712065e-10
460.460000  4.689891e-10
460.480000  4.667544e-10
460.500000  4.645032e-10
460.520000  4.622358e-10
460.540000  4.599529e-10
460.560000  4.576549e-10
460.580000  4.553425e-10
460.600000  4.530162e-10
460.620000  4.506765e-10
460.640000  4.483239e-10
460.660000  4.459590e-10
460.680000  4.435824e-10
460.700000  4.411945e-10
460.720000  4.387959e-10
460.740000  4.363871e-10
460.760000  4.339686e-10
460.780000  4.315410e-10
460.800000  4.291048e-10
460.820000  4.266605e-10
460.840000  4.242086e-10
460.860000  4.217495e-10
460.880000  4.192840e-10
460.900000  4.168123e-10
460.920000  4.143350e-10
460.940000  4.118527e-10
460.960000  4.093657e-10
460.980000  4.068747e-10
461.000000  4.043800e-10
461.020000  4.018821e-10
461.040000  3.993816e-10
461.060000  3.968788e-10
461.080000  3.943743e-10
461.100000  3.918685e-10
461.120000  3.893619e-10
461.140000  3.868548e-10
461.160000  3.843479e-10
461.180000  3.818414e-10
461.200000  3.793358e-10
461.220000  3.768317e-10
461.240000  3.743293e-10
461.260000  3.718291e-10
461.280000  3.693316e-10
461.300000  3.668371e-10
461.320000  3.643460e-10
461.340000  3.618588e-10
461.360000  3.593759e-10
461.380000  3.568976e-10
461.400000  3.544243e-10
461.420000  3.519565e-10
461.440000  3.494944e-10
461.460000  3.470386e-10
461.480000  3.445892e-10
461.500000  3.421467e-10
461.520000  3.397115e-10
461.540000  3.372839e-10
461.560000  3.348643e-10
461.580000  3.324529e-10
461.600000  3.300501e-10
461.620000  3.276563e-10
461.640000  3.252718e-10
461.660000  3.228968e-10
461.680000  3.205317e-10
461.700000  3.181768e-10
461.720000  3.158324e-10
461.740000  3.134987e-10
461.760000  3.111761e-10
461.780000  3.088648e-10
461.800000  3.065651e-10
461.820000  3.042772e-10
461.840000  3.020014e-10
461.860000  2.997379e-10
461.880000  2.974869e-10
461.900000  2.952486e-10
461.920000  2.930233e-10
461.940000  2.908111e-10
461.960000  2.886122e-10
461.980000  2.864268e-10
462.000000  2.842550e-10
462.020000  2.820970e-10
462.040000  2.799529e-10
462.060000  2.778227e-10
462.080000  2.757067e-10
462.100000  2.736048e-10
462.120000  2.715171e-10
462.140000  2.694436e-10
462.160000  2.673844e-10
462.180000  2.653395e-10
462.200000  2.633087e-10
462.220000  2.612922e-10
462.240000  2.592897e-10
462.260000  2.573013e-10
462.280000  2.553267e-10
462.300000  2.533659e-10
462.320000  2.514186e-10
462.340000  2.494847e-10
462.360000  2.475639e-10
462.380000  2.456559e-10
462.400000  2.437606e-10
462.420000  2.418774e-10
462.440000  2.400061e-10
462.460000  2.381463e-10
462.480000  2.362976e-10
462.500000  2.344595e-10
462.520000  2.326315e-10
462.540000  2.308131e-10
462.560000  2.290037e-10
462.580000  2.272027e-10
462.600000  2.254096e-10
462.620000  2.236236e-10
462.640000  2.218440e-10
462.660000  2.200702e-10
462.680000  2.183013e-10
462.700000  2.165365e-10
462.720000  2.147751e-10
462.740000  2.130162e-10
462.760000  2.112589e-10
462.780000  2.095022e-10
462.800000  2.077454e-10
462.820000  2.059873e-10
462.840000  2.042270e-10
462.860000  2.024637e-10
462.880000  2.006961e-10
462.900000  1.989234e-10
462.920000  1.971445e-10
462.940000  1.953584e-10
462.960000  1.935640e-10
462.980000  1.917604e-10
463.000000  1.899465e-10
463.020000  1.881213e-10
463.040000  1.862839e-10
463.060000  1.844332e-10
463.080000  1.825683e-10
463.100000  1.806883e-10
463.120000  1.787923e-10
463.140000  1.768796e-10
463.160000  1.749491e-10
463.180000  1.730004e-10
463.200000  1.710325e-10
463.220000  1.690449e-10
463.240000  1.670371e-10
463.260000  1.650084e-10
463.280000  1.629585e-10
463.300000  1.608869e-10
463.320000  1.587935e-10
463.340000  1.566779e-10
463.360000  1.545402e-10
463.380000  1.523801e-10
463.400000  1.501979e-10
463.420000  1.479937e-10
463.440000  1.457676e-10
463.460000  1.435201e-10
463.480000  1.412517e-10
463.500000  1.389628e-10
463.520000  1.366541e-10
463.540000  1.343265e-10
463.560000  1.319806e-10
463.580000  1.296175e-10
463.600000  1.272383e-10
463.620000  1.248440e-10
463.640000  1.224359e-10
463.660000  1.200154e-10
463.680000  1.175839e-10
463.700000  1.151428e-10
463.720000  1.126938e-10
463.740000  1.102384e-10
463.760000  1.077785e-10
463.780000  1.053158e-10
463.800000  1.028521e-10
463.820000  1.003894e-10
463.840000  9.792950e-11
463.860000  9.547450e-11
463.880000  9.302637e-11
463.900000  9.058714e-11
463.920000  8.815886e-11
467.600000  8.574358e-11
467.620000  8.334338e-11
467.640000  8.096030e-11
467.660000  7.859640e-11
467.680000  7.625369e-11
467.700000  7.393416e-11
467.720000  7.163980e-11
467.740000  6.937250e-11
467.760000  6.713415e-11
467.780000  6.492657e-11
467.800000  6.275151e-11
467.820000  6.061066e-11
467.840000  5.850565e-11
467.860000  5.643802e-11
467.880000  5.440922e-11
467.900000  5.242065e-11
467.920000  5.047358e-11
467.940000  4.856921e-11
467.960000  4.670864e-11
467.980000  4.489287e-11
468.000000  4.312281e-11
468.020000  4.139926e-11
468.040000  3.972292e-11
468.060000  3.809438e-11
468.080000  3.651414e-11
468.100000  3.498260e-11
468.120000  3.350006e-11
468.140000  3.206669e-11
468.160000  3.068262e-11
468.180000  2.934782e-11
468.200000  2.806223e-11
468.220000  2.682565e-11
468.240000  2.563782e-11
468.260000  2.449839e-11
468.280000  2.340693e-11
468.300000  2.236293e-11
468.320000  2.136583e-11
468.340000  2.041498e-11
468.360000  1.950968e-11
468.380000  1.864916e-11
468.400000  1.783261e-11
468.420000  1.705917e-11
468.440000  1.632792e-11
468.460000  1.563793e-11
468.480000  1.498821e-11
468.500000  1.437776e-11
468.520000  1.380554e-11
468.540000  1.327049e-11
468.560000  1.277154e-11
468.580000  1.230762e-11
468.600000  1.187763e-11
468.620000  1.148048e-11
468.640000  1.111507e-11
468.660000  1.078032e-11
468.680000  1.047513e-11
468.700000  1.019843e-11
468.720000  9.949169e-12
468.740000  9.726293e-12
468.760000  9.528776e-12
468.780000  9.355610e-12
468.800000  9.205811e-12
468.820000  9.078418e-12
468.840000  8.972497e-12
468.860000  8.887141e-12
468.880000  8.821470e-12
468.900000  8.774637e-12
468.920000  8.745824e-12
468.940000  8.734244e-12
468.960000  8.739142e-12
468.980000  8.759797e-12
469.000000  8.795517e-12
469.020000  8.845646e-12
469.040000  8.909559e-12
469.060000  8.986663e-12
469.080000  9.076399e-12
469.100000  9.178237e-12
469.120000  9.291681e-12
469.140000  9.416264e-12
469.160000  9.551549e-12
469.180000  9.697130e-12
469.200000  9.852628e-12
469.220000  1.001769e-11
469.240000  1.019200e-11
469.260000  1.037526e-11
469.280000  1.056720e-11
469.300000  1.076756e-11
469.320000  1.097614e-11
469.340000  1.119272e-11
469.360000  1.141713e-11
469.380000  1.164922e-11
469.400000  1.188885e-11
469.420000  1.213589e-11
469.440000  1.239027e-11
469.460000  1.265188e-11
469.480000  1.292068e-11
469.500000  1.319662e-11
469.520000  1.347966e-11
469.540000  1.376979e-11
469.560000  1.406701e-11
469.580000  1.437134e-11
469.600000  1.468279e-11
469.620000  1.500141e-11
469.640000  1.532726e-11
469.660000  1.566039e-11
469.680000  1.600087e-11
469.700000  1.634880e-11
469.720000  1.670427e-11
469.740000  1.706739e-11
469.760000  1.743828e-11
469.780000  1.781705e-11
469.800000  1.820386e-11
469.820000  1.859883e-11
469.840000  1.900214e-11
469.860000  1.941393e-11
469.880000  1.983439e-11
469.900000  2.026369e-11
469.920000  2.070203e-11
469.940000  2.114960e-11
469.960000  2.160661e-11
469.980000  2.207328e-11
470.000000  2.254982e-11
470.020000  2.303648e-11
470.040000  2.353350e-11
470.060000  2.404112e-11
470.080000  2.455960e-11
470.100000  2.508921e-11
470.120000  2.563023e-11
470.140000  2.618294e-11
470.160000  2.674763e-11
470.180000  2.732462e-11
470.200000  2.791420e-11
470.220000  2.851671e-11
470.240000  2.913247e-11
470.260000  2.976183e-11
470.280000  3.040513e-11
470.300000  3.106273e-11
470.320000  3.173501e-11
470.340000  3.242233e-11
470.360000  3.312510e-11
470.380000  3.384371e-11
470.400000  3.457857e-11
470.420000  3.533010e-11
470.440000  3.609874e-11
470.460000  3.688491e-11
470.480000  3.768909e-11
470.500000  3.851172e-11
470.520000  3.935328e-11
470.540000  4.021426e-11
470.560000  4.109515e-11
470.580000  4.199646e-11
470.600000  4.291871e-11
470.620000  4.386243e-11
470.640000  4.482815e-11
470.660000  4.581643e-11
470.680000  4.682784e-11
470.700000  4.786294e-11
470.720000  4.892233e-11
470.740000  5.000661e-11
470.760000  5.111638e-11
470.780000  5.225227e-11
470.800000  5.341491e-11
470.820000  5.460495e-11
470.840000  5.582304e-11
470.860000  5.706986e-11
470.880000  5.834609e-11
470.900000  5.965243e-11
470.920000  6.098957e-11
470.940000  6.235824e-11
470.960000  6.375917e-11
470.980000  6.519311e-11
471.000000  6.666080e-11
471.020000  6.816302e-11
471.040000  6.970056e-11
471.060000  7.127420e-11
471.080000  7.288475e-11
471.100000  7.453302e-11
471.120000  7.621987e-11
471.140000  7.794612e-11
471.160000  7.971264e-11
471.180000  8.152030e-11
471.200000  8.336999e-11
471.220000  8.526260e-11
471.240000  8.719904e-11
471.260000  8.918026e-11
471.280000  9.120717e-11
471.300000  9.328074e-11
471.320000  9.540194e-11
471.340000  9.757174e-11
471.360000  9.979114e-11
471.380000  1.020612e-10
471.400000  1.043828e-10
471.420000  1.067571e-10
471.440000  1.091852e-10
471.460000  1.116681e-10
471.480000  1.142068e-10
471.500000  1.168026e-10
471.520000  1.194564e-10
471.540000  1.221694e-10
471.560000  1.249429e-10
471.580000  1.277778e-10
471.600000  1.306754e-10
471.620000  1.336370e-10
471.640000  1.366636e-10
471.660000  1.397566e-10
471.680000  1.429171e-10
471.700000  1.461463e-10
471.720000  1.494457e-10
471.740000  1.528164e-10
471.760000  1.562597e-10
471.780000  1.597770e-10
471.800000  1.633696e-10
471.820000  1.670388e-10
471.840000  1.707860e-10
471.860000  1.746125e-10
471.880000  1.785197e-10
471.900000  1.825091e-10
471.920000  1.865820e-10
471.940000  1.907399e-10
471.960000  1.949842e-10
471.980000  1.993163e-10
472.000000  2.037379e-10
472.020000  2.082502e-10
472.040000  2.128549e-10
472.060000  2.175534e-10
472.080000  2.223474e-10
472.100000  2.272382e-10
472.120000  2.322275e-10
472.140000  2.373168e-10
472.160000  2.425077e-10
472.180000  2.478019e-10
472.200000  2.532009e-10
472.220000  2.587063e-10
472.240000  2.643198e-10
472.260000  2.700431e-10
472.280000  2.758777e-10
472.300000  2.818254e-10
472.320000  2.878879e-10
472.340000  2.940669e-10
472.360000  3.003640e-10
472.380000  3.067811e-10
472.400000  3.133199e-10
472.420000  3.199821e-10
472.440000  3.267696e-10
472.460000  3.336841e-10
472.480000  3.407275e-10
472.500000  3.479016e-10
472.520000  3.552082e-10
472.540000  3.626492e-10
472.560000  3.702265e-10
472.580000  3.779420e-10
472.600000  3.857976e-10
472.620000  3.937954e-10
472.640000  4.019372e-10
472.660000  4.102251e-10
472.680000  4.186610e-10
472.700000  4.272471e-10
472.720000  4.359854e-10
472.740000  4.448779e-10
472.760000  4.539268e-10
472.780000  4.631343e-10
472.800000  4.725025e-10
472.820000  4.820336e-10
472.840000  4.917299e-10
472.860000  5.015936e-10
472.880000  5.116270e-10
472.900000  5.218324e-10
472.920000  5.322123e-10
472.940000  5.427690e-10
472.960000  5.535049e-10
472.980000  5.644226e-10
473.000000  5.755245e-10
473.020000  5.868131e-10
473.040000  5.982911e-10
473.060000  6.099610e-10
473.080000  6.218256e-10
473.100000  6.338875e-10
473.120000  6.461495e-10
473.140000  6.586143e-10
473.160000  6.712848e-10
473.180000  6.841638e-10
473.200000  6.972543e-10
473.220000  7.105591e-10
473.240000  7.240813e-10
473.260000  7.378239e-10
473.280000  7.517900e-10
473.300000  7.659826e-10
473.320000  7.804050e-10
473.340000  7.950603e-10
473.360000  8.099517e-10
473.380000  8.250826e-10
473.400000  8.404561e-10
473.420000  8.560757e-10
473.440000  8.719448e-10
473.460000  8.880667e-10
473.480000  9.044448e-10
473.500000  9.210828e-10
473.520000  9.379839e-10
473.540000  9.551519e-10
473.560000  9.725901e-10
473.580000  9.903023e-10
473.600000  1.008292e-09
473.620000  1.026563e-09
473.640000  1.045118e-09
473.660000  1.063962e-09
473.680000  1.083098e-09
473.700000  1.102529e-09
473.720000  1.122260e-09
473.740000  1.142294e-09
473.760000  1.162634e-09
473.780000  1.183285e-09
473.800000  1.204249e-09
473.820000  1.225531e-09
473.840000  1.247135e-09
473.860000  1.269062e-09
473.880000  1.291318e-09
473.900000  1.313906e-09
473.920000  1.336829e-09
473.940000  1.360091e-09
473.960000  1.383694e-09
473.980000  1.407643e-09
474.000000  1.431941e-09
474.020000  1.456590e-09
474.040000  1.481595e-09
474.060000  1.506957e-09
474.080000  1.532681e-09
474.100000  1.558768e-09
474.120000  1.585223e-09
474.140000  1.612047e-09
474.160000  1.639243e-09
474.180000  1.666815e-09
474.200000  1.694763e-09
474.220000  1.723091e-09
474.240000  1.751802e-09
474.260000  1.780896e-09
474.280000  1.810375e-09
474.300000  1.840243e-09
474.320000  1.870501e-09
474.340000  1.901149e-09
474.360000  1.932190e-09
474.380000  1.963625e-09
474.400000  1.995454e-09
474.420000  2.027680e-09
474.440000  2.060302e-09
474.460000  2.093322e-09
474.480000  2.126740e-09
474.500000  2.160555e-09
474.520000  2.194770e-09
474.540000  2.229382e-09
474.560000  2.264393e-09
474.580000  2.299801e-09
474.600000  2.335607e-09
474.620000  2.371809e-09
474.640000  2.408406e-09
474.660000  2.445398e-09
474.680000  2.482782e-09
474.700000  2.520558e-09
474.720000  2.558724e-09
474.740000  2.597278e-09
474.760000  2.636217e-09
474.780000  2.675540e-09
474.800000  2.715244e-09
474.820000  2.755326e-09
474.840000  2.795783e-09
474.860000  2.836613e-09
474.880000  2.877811e-09
474.900000  2.919376e-09
474.920000  2.961303e-09
474.940000  3.003587e-09
474.960000  3.046226e-09
474.980000  3.089216e-09
475.000000  3.132550e-09
475.020000  3.176227e-09
475.040000  3.220240e-09
475.060000  3.264584e-09
475.080000  3.309256e-09
475.100000  3.354249e-09
475.120000  3.399558e-09
475.140000  3.445179e-09
475.160000  3.491105e-09
475.180000  3.537330e-09
475.200000  3.583850e-09
475.220000  3.630657e-09
475.240000  3.677746e-09
475.260000  3.725112e-09
475.280000  3.772746e-09
475.300000  3.820644e-09
475.320000  3.868798e-09
475.340000  3.917203e-09
475.360000  3.965851e-09
475.380000  4.014737e-09
475.400000  4.063852e-09
475.420000  4.113191e-09
475.440000  4.162747e-09
475.460000  4.212513e-09
475.480000  4.262482e-09
475.500000  4.312647e-09
475.520000  4.363002e-09
475.540000  4.413539e-09
475.560000  4.464252e-09
475.580000  4.515135e-09
475.600000  4.566179e-09
475.620000  4.617379e-09
475.640000  4.668728e-09
475.660000  4.720219e-09
475.680000  4.771845e-09
475.700000  4.823601e-09
475.720000  4.875480e-09
475.740000  4.927475e-09
475.760000  4.979581e-09
475.780000  5.031791e-09
475.800000  5.084099e-09
475.820000  5.136500e-09
475.840000  5.188988e-09
475.860000  5.241557e-09
475.880000  5.294202e-09
475.900000  5.346919e-09
475.920000  5.399701e-09
475.940000  5.452545e-09
475.960000  5.505444e-09
475.980000  5.558396e-09
476.000000  5.611396e-09
476.020000  5.664440e-09
476.040000  5.717524e-09
476.060000  5.770645e-09
476.080000  5.823799e-09
476.100000  5.876983e-09
476.120000  5.930195e-09
476.140000  5.983432e-09
476.160000  6.036692e-09
476.180000  6.089973e-09
476.200000  6.143273e-09
476.220000  6.196591e-09
476.240000  6.249925e-09
476.260000  6.303275e-09
476.280000  6.356641e-09
476.300000  6.410022e-09
476.320000  6.463418e-09
476.340000  6.516830e-09
476.360000  6.570259e-09
476.380000  6.623705e-09
476.400000  6.677169e-09
476.420000  6.730655e-09
476.440000  6.784163e-09
476.460000  6.837697e-09
476.480000  6.891258e-09
476.500000  6.944849e-09
476.520000  6.998476e-09
476.540000  7.052140e-09
476.560000  7.105845e-09
476.580000  7.159598e-09
476.600000  7.213401e-09
476.620000  7.267260e-09
476.640000  7.321181e-09
476.660000  7.375169e-09
476.680000  7.429230e-09
476.700000  7.483370e-09
476.720000  7.537597e-09
476.740000  7.591916e-09
476.760000  7.646337e-09
476.780000  7.700865e-09
476.800000  7.755509e-09
476.820000  7.810278e-09
476.840000  7.865179e-09
476.860000  7.920222e-09
476.880000  7.975416e-09
476.900000  8.030769e-09
476.920000  8.086293e-09
476.940000  8.141996e-09
476.960000  8.197889e-09
476.980000  8.253983e-09
477.000000  8.310288e-09
477.020000  8.366816e-09
477.040000  8.423577e-09
477.060000  8.480583e-09
477.080000  8.537846e-09
477.100000  8.595377e-09
477.120000  8.653190e-09
477.140000  8.711296e-09
477.160000  8.769709e-09
477.180000  8.828440e-09
477.200000  8.887504e-09
477.220000  8.946912e-09
477.240000  9.006680e-09
477.260000  9.066820e-09
477.280000  9.127346e-09
477.300000  9.188272e-09
477.320000  9.249613e-09
477.340000  9.311382e-09
477.360000  9.373595e-09
477.380000  9.436265e-09
477.400000  9.499408e-09
477.420000  9.563038e-09
477.440000  9.627170e-09
477.460000  9.691821e-09
477.480000  9.757004e-09
477.500000  9.822735e-09
477.520000  9.889030e-09
477.540000  9.955904e-09
477.560000  1.002337e-08
477.580000  1.009145e-08
477.600000  1.016016e-08
477.620000  1.022951e-08
477.640000  1.029951e-08
477.660000  1.037019e-08
477.680000  1.044156e-08
477.700000  1.051364e-08
477.720000  1.058644e-08
477.740000  1.065997e-08
477.760000  1.073426e-08
477.780000  1.080932e-08
477.800000  1.088516e-08
477.820000  1.096181e-08
477.840000  1.103927e-08
477.860000  1.111756e-08
477.880000  1.119670e-08
477.900000  1.127671e-08
477.920000  1.135759e-08
477.940000  1.143936e-08
477.960000  1.152204e-08
477.980000  1.160564e-08
478.000000  1.169018e-08
478.020000  1.177567e-08
478.040000  1.186211e-08
478.060000  1.194954e-08
478.080000  1.203795e-08
478.100000  1.212736e-08
478.120000  1.221779e-08
478.140000  1.230923e-08
478.160000  1.240172e-08
478.180000  1.249524e-08
478.200000  1.258982e-08
478.220000  1.268546e-08
478.240000  1.278217e-08
478.260000  1.287995e-08
478.280000  1.297882e-08
478.300000  1.307878e-08
478.320000  1.317984e-08
478.340000  1.328199e-08
478.360000  1.338524e-08
478.380000  1.348959e-08
478.400000  1.359504e-08
478.420000  1.370160e-08
478.440000  1.380926e-08
478.460000  1.391801e-08
478.480000  1.402786e-08
478.500000  1.413880e-08
478.520000  1.425081e-08
478.540000  1.436390e-08
478.560000  1.447805e-08
478.580000  1.459325e-08
478.600000  1.470949e-08
478.620000  1.482675e-08
478.640000  1.494502e-08
478.660000  1.506428e-08
478.680000  1.518451e-08
478.700000  1.530568e-08
478.720000  1.542778e-08
478.740000  1.555077e-08
478.760000  1.567464e-08
478.780000  1.579935e-08
478.800000  1.592487e-08
478.820000  1.605117e-08
478.840000  1.617822e-08
478.860000  1.630596e-08
478.880000  1.643438e-08
478.900000  1.656342e-08
478.920000  1.669304e-08
478.940000  1.682321e-08
478.960000  1.695386e-08
478.980000  1.708495e-08
479.000000  1.721643e-08
479.020000  1.734824e-08
479.040000  1.748033e-08
479.060000  1.761265e-08
479.080000  1.774512e-08
479.100000  1.787770e-08
479.120000  1.801032e-08
479.140000  1.814290e-08
479.160000  1.827540e-08
479.180000  1.840772e-08
479.200000  1.853981e-08
479.220000  1.867160e-08
479.240000  1.880300e-08
479.260000  1.893395e-08
479.280000  1.906436e-08
479.300000  1.919416e-08
479.320000  1.932326e-08
479.340000  1.945159e-08
479.360000  1.957907e-08
479.380000  1.970561e-08
479.400000  1.983112e-08
479.420000  1.995553e-08
479.440000  2.007875e-08
479.460000  2.020068e-08
479.480000  2.032125e-08
479.500000  2.044037e-08
479.520000  2.055794e-08
479.540000  2.067388e-08
479.560000  2.078811e-08
479.580000  2.090053e-08
479.600000  2.101107e-08
479.620000  2.111962e-08
479.640000  2.122611e-08
479.660000  2.133044e-08
479.680000  2.143254e-08
479.700000  2.153232e-08
479.720000  2.162970e-08
479.740000  2.172459e-08
479.760000  2.181691e-08
479.780000  2.190658e-08
479.800000  2.199353e-08
479.820000  2.207768e-08
479.840000  2.215895e-08
479.860000  2.223727e-08
479.880000  2.231258e-08
479.900000  2.238479e-08
479.920000  2.245385e-08
479.940000  2.251968e-08
479.960000  2.258224e-08
479.980000  2.264146e-08
480.000000  2.269728e-08
480.020000  2.274964e-08
480.040000  2.279851e-08
480.060000  2.284383e-08
480.080000  2.288555e-08
480.100000  2.292363e-08
480.120000  2.295803e-08
480.140000  2.298873e-08
480.160000  2.301567e-08
480.180000  2.303885e-08
480.200000  2.305822e-08
480.220000  2.307376e-08
480.240000  2.308546e-08
480.260000  2.309331e-08
480.280000  2.309727e-08
480.300000  2.309736e-08
480.320000  2.309356e-08
480.340000  2.308586e-08
480.360000  2.307428e-08
480.380000  2.305880e-08
480.400000  2.303945e-08
480.420000  2.301623e-08
480.440000  2.298916e-08
480.460000  2.295824e-08
480.480000  2.292351e-08
480.500000  2.288499e-08
480.520000  2.284270e-08
480.540000  2.279667e-08
480.560000  2.274693e-08
480.580000  2.269353e-08
480.600000  2.263649e-08
480.620000  2.257587e-08
480.640000  2.251170e-08
480.660000  2.244402e-08
480.680000  2.237290e-08
480.700000  2.229838e-08
480.720000  2.222051e-08
480.740000  2.213934e-08
480.760000  2.205495e-08
480.780000  2.196738e-08
480.800000  2.187670e-08
480.820000  2.178297e-08
480.840000  2.168626e-08
480.860000  2.158664e-08
480.880000  2.148417e-08
480.900000  2.137892e-08
480.920000  2.127097e-08
480.940000  2.116038e-08
480.960000  2.104724e-08
480.980000  2.093161e-08
481.000000  2.081358e-08
481.020000  2.069321e-08
481.040000  2.057060e-08
481.060000  2.044580e-08
481.080000  2.031891e-08
481.100000  2.019001e-08
481.120000  2.005916e-08
481.140000  1.992646e-08
481.160000  1.979198e-08
481.180000  1.965580e-08
481.200000  1.951801e-08
481.220000  1.937868e-08
481.240000  1.923789e-08
481.260000  1.909573e-08
481.280000  1.895227e-08
481.300000  1.880759e-08
481.320000  1.866178e-08
481.340000  1.851491e-08
481.360000  1.836706e-08
481.380000  1.821830e-08
481.400000  1.806872e-08
481.420000  1.791840e-08
481.440000  1.776739e-08
481.460000  1.761579e-08
481.480000  1.746367e-08
481.500000  1.731109e-08
481.520000  1.715814e-08
481.540000  1.700488e-08
481.560000  1.685138e-08
481.580000  1.669771e-08
481.600000  1.654395e-08
481.620000  1.639015e-08
481.640000  1.623638e-08
481.660000  1.608271e-08
481.680000  1.592920e-08
481.700000  1.577591e-08
481.720000  1.562290e-08
481.740000  1.547024e-08
481.760000  1.531798e-08
481.780000  1.516617e-08
481.800000  1.501488e-08
481.820000  1.486415e-08
481.840000  1.471404e-08
481.860000  1.456459e-08
481.880000  1.441587e-08
481.900000  1.426790e-08
481.920000  1.412075e-08
481.940000  1.397445e-08
481.960000  1.382905e-08
481.980000  1.368458e-08
482.000000  1.354110e-08
482.020000  1.339863e-08
482.040000  1.325721e-08
482.060000  1.311687e-08
482.080000  1.297766e-08
482.100000  1.283959e-08
482.120000  1.270271e-08
482.140000  1.256703e-08
482.160000  1.243258e-08
482.180000  1.229940e-08
482.200000  1.216749e-08
482.220000  1.203689e-08
482.240000  1.190761e-08
482.260000  1.177967e-08
482.280000  1.165308e-08
482.300000  1.152787e-08
482.320000  1.140405e-08
482.340000  1.128162e-08
482.360000  1.116060e-08
482.380000  1.104100e-08
482.400000  1.092282e-08
482.420000  1.080608e-08
482.440000  1.069078e-08
482.460000  1.057691e-08
482.480000  1.046449e-08
482.500000  1.035352e-08
482.520000  1.024400e-08
482.540000  1.013592e-08
482.560000  1.002928e-08
482.580000  9.924091e-09
482.600000  9.820339e-09
482.620000  9.718023e-09
482.640000  9.617137e-09
482.660000  9.517676e-09
482.680000  9.419634e-09
482.700000  9.323004e-09
482.720000  9.227779e-09
482.740000  9.133951e-09
482.760000  9.041512e-09
482.780000  8.950453e-09
482.800000  8.860764e-09
482.820000  8.772438e-09
482.840000  8.685464e-09
482.860000  8.599833e-09
482.880000  8.515535e-09
482.900000  8.432561e-09
482.920000  8.350899e-09
482.940000  8.270541e-09
482.960000  8.191476e-09
482.980000  8.113695e-09
483.000000  8.037187e-09
483.020000  7.961944e-09
483.040000  7.887954e-09
483.060000  7.815209e-09
483.080000  7.743700e-09
483.100000  7.673416e-09
483.120000  7.604349e-09
483.140000  7.536489e-09
483.160000  7.469828e-09
483.180000  7.404357e-09
483.200000  7.340067e-09
483.220000  7.276949e-09
483.240000  7.214995e-09
483.260000  7.154196e-09
483.280000  7.094544e-09
483.300000  7.036029e-09
483.320000  6.978644e-09
483.340000  6.922380e-09
483.360000  6.867227e-09
483.380000  6.813177e-09
483.400000  6.760221e-09
483.420000  6.708349e-09
483.440000  6.657552e-09
483.460000  6.607820e-09
483.480000  6.559143e-09
483.500000  6.511511e-09
483.520000  6.464912e-09
483.540000  6.419336e-09
483.560000  6.374770e-09
483.580000  6.331204e-09
483.600000  6.288624e-09
483.620000  6.247017e-09
483.640000  6.206370e-09
483.660000  6.166669e-09
483.680000  6.127899e-09
483.700000  6.090046e-09
483.720000  6.053094e-09
483.740000  6.017026e-09
483.760000  5.981827e-09
483.780000  5.947479e-09
483.800000  5.913965e-09
483.820000  5.881266e-09
483.840000  5.849365e-09
483.860000  5.818242e-09
483.880000  5.787877e-09
483.900000  5.758252e-09
483.920000  5.729346e-09
483.940000  5.701139e-09
483.960000  5.673609e-09
483.980000  5.646738e-09
484.000000  5.620502e-09
484.020000  5.594882e-09
484.040000  5.569855e-09
484.060000  5.545401e-09
484.080000  5.521499e-09
484.100000  5.498126e-09
484.120000  5.475262e-09
484.140000  5.452887e-09
484.160000  5.430978e-09
484.180000  5.409515e-09
484.200000  5.388479e-09
484.220000  5.367848e-09
484.240000  5.347605e-09
484.260000  5.327728e-09
484.280000  5.308200e-09
484.300000  5.289003e-09
484.320000  5.270118e-09
484.340000  5.251529e-09
484.360000  5.233218e-09
484.380000  5.215171e-09
484.400000  5.197371e-09
484.420000  5.179804e-09
484.440000  5.162455e-09
484.460000  5.145313e-09
484.480000  5.128363e-09
484.500000  5.111594e-09
484.520000  5.094994e-09
484.540000  5.078554e-09
484.560000  5.062263e-09
484.580000  5.046112e-09
484.600000  5.030092e-09
484.620000  5.014197e-09
484.640000  4.998418e-09
484.660000  4.982749e-09
484.680000  4.967184e-09
484.700000  4.951718e-09
484.720000  4.936347e-09
484.740000  4.921066e-09
484.760000  4.905871e-09
484.780000  4.890760e-09
484.800000  4.875729e-09
484.820000  4.860777e-09
484.840000  4.845902e-09
484.860000  4.831103e-09
484.880000  4.816378e-09
484.900000  4.801727e-09
484.920000  4.787149e-09
484.940000  4.772645e-09
484.960000  4.758214e-09
484.980000  4.743857e-09
485.000000  4.729574e-09
485.020000  4.715366e-09
485.040000  4.701234e-09
485.060000  4.687178e-09
485.080000  4.673200e-09
485.100000  4.659300e-09
485.120000  4.645480e-09
485.140000  4.631739e-09
485.160000  4.618080e-09
485.180000  4.604502e-09
485.200000  4.591008e-09
485.220000  4.577596e-09
485.240000  4.564268e-09
485.260000  4.551024e-09
485.280000  4.537863e-09
485.300000  4.524787e-09
485.320000  4.511794e-09
485.340000  4.498885e-09
485.360000  4.486057e-09
485.380000  4.473311e-09
485.400000  4.460644e-09
485.420000  4.448056e-09
485.440000  4.435543e-09
485.460000  4.423103e-09
485.480000  4.410734e-09
485.500000  4.398432e-09
485.520000  4.386194e-09
485.540000  4.374016e-09
485.560000  4.361892e-09
485.580000  4.349818e-09
485.600000  4.337789e-09
485.620000  4.325798e-09
485.640000  4.313839e-09
485.660000  4.301904e-09
485.680000  4.289986e-09
485.700000  4.278076e-09
485.720000  4.266166e-09
485.740000  4.254245e-09
485.760000  4.242304e-09
485.780000  4.230332e-09
485.800000  4.218317e-09
485.820000  4.206247e-09
485.840000  4.194109e-09
485.860000  4.181889e-09
485.880000  4.169573e-09
485.900000  4.157145e-09
485.920000  4.144591e-09
485.940000  4.131893e-09
485.960000  4.119034e-09
485.980000  4.105996e-09
486.000000  4.092762e-09
486.020000  4.079310e-09
486.040000  4.065622e-09
486.060000  4.051677e-09
486.080000  4.037454e-09
486.100000  4.022931e-09
486.120000  4.008086e-09
486.140000  3.992897e-09
486.160000  3.977339e-09
486.180000  3.961390e-09
486.200000  3.945026e-09
486.220000  3.928223e-09
486.240000  3.910957e-09
486.260000  3.893203e-09
486.280000  3.874937e-09
486.300000  3.856135e-09
486.320000  3.836772e-09
486.340000  3.816825e-09
486.360000  3.796270e-09
486.380000  3.775084e-09
486.400000  3.753245e-09
486.420000  3.730729e-09
486.440000  3.707517e-09
486.460000  3.683588e-09
486.480000  3.658922e-09
486.500000  3.633502e-09
486.520000  3.607309e-09
486.540000  3.580329e-09
486.560000  3.552546e-09
486.580000  3.523948e-09
486.600000  3.494524e-09
486.620000  3.464264e-09
486.640000  3.433160e-09
486.660000  3.401207e-09
486.680000  3.368400e-09
486.700000  3.334738e-09
486.720000  3.300222e-09
486.740000  3.264853e-09
486.760000  3.228638e-09
486.780000  3.191583e-09
486.800000  3.153698e-09
486.820000  3.114995e-09
486.840000  3.075488e-09
486.860000  3.035195e-09
486.880000  2.994134e-09
486.900000  2.952328e-09
486.920000  2.909800e-09
486.940000  2.866578e-09
486.960000  2.822691e-09
486.980000  2.778168e-09
487.000000  2.733045e-09
487.020000  2.687356e-09
487.040000  2.641139e-09
487.060000  2.594433e-09
487.080000  2.547281e-09
487.100000  2.499724e-09
487.120000  2.451808e-09
487.140000  2.403579e-09
487.160000  2.355084e-09
487.180000  2.306372e-09
487.200000  2.257492e-09
487.220000  2.208495e-09
487.240000  2.159432e-09
487.260000  2.110354e-09
487.280000  2.061314e-09
487.300000  2.012363e-09
487.320000  1.963553e-09
487.340000  1.914937e-09
487.360000  1.866565e-09
487.380000  1.818489e-09
487.400000  1.770759e-09
487.420000  1.723423e-09
487.440000  1.676531e-09
487.460000  1.630130e-09
487.480000  1.584264e-09
487.500000  1.538978e-09
487.520000  1.494316e-09
487.540000  1.450317e-09
487.560000  1.407020e-09
487.580000  1.364463e-09
487.600000  1.322681e-09
487.620000  1.281706e-09
487.640000  1.241568e-09
487.660000  1.202297e-09
487.680000  1.163918e-09
487.700000  1.126455e-09
487.720000  1.089929e-09
487.740000  1.054359e-09
487.760000  1.019760e-09
487.780000  9.861478e-10
487.800000  9.535328e-10
487.820000  9.219244e-10
487.840000  8.913294e-10
487.860000  8.617523e-10
487.880000  8.331953e-10
487.900000  8.056583e-10
487.920000  7.791394e-10
487.940000  7.536344e-10
487.960000  7.291371e-10
487.980000  7.056395e-10
488.000000  6.831320e-10
488.020000  6.616030e-10
488.040000  6.410394e-10
488.060000  6.214266e-10
488.080000  6.027488e-10
488.100000  5.849887e-10
488.120000  5.681279e-10
488.140000  5.521470e-10
488.160000  5.370255e-10
488.180000  5.227421e-10
488.200000  5.092750e-10
488.220000  4.966014e-10
488.240000  4.846982e-10
488.260000  4.735418e-10
488.280000  4.631083e-10
488.300000  4.533733e-10
488.320000  4.443127e-10
488.340000  4.359019e-10
488.360000  4.281165e-10
488.380000  4.209323e-10
488.400000  4.143250e-10
488.420000  4.082706e-10
488.440000  4.027454e-10
488.460000  3.977262e-10
488.480000  3.931899e-10
488.500000  3.891140e-10
488.520000  3.854765e-10
488.540000  3.822559e-10
488.560000  3.794311e-10
488.580000  3.769818e-10
488.600000  3.748881e-10
488.620000  3.731309e-10
488.640000  3.716917e-10
488.660000  3.705525e-10
488.680000  3.696961e-10
488.700000  3.691060e-10
488.720000  3.687663e-10
488.740000  3.686616e-10
488.760000  3.687776e-10
488.780000  3.691002e-10
488.800000  3.696161e-10
488.820000  3.703128e-10
488.840000  3.711782e-10
488.860000  3.722010e-10
488.880000  3.733704e-10
488.900000  3.746761e-10
488.920000  3.761085e-10
488.940000  3.776585e-10
488.960000  3.793175e-10
488.980000  3.810775e-10
489.000000  3.829308e-10
489.020000  3.848704e-10
489.040000  3.868896e-10
489.060000  3.889821e-10
489.080000  3.911420e-10
489.100000  3.933641e-10
489.120000  3.956430e-10
489.140000  3.979742e-10
489.160000  4.003532e-10
489.180000  4.027758e-10
489.200000  4.052384e-10
489.220000  4.077373e-10
489.240000  4.102693e-10
489.260000  4.128313e-10
489.280000  4.154205e-10
489.300000  4.180344e-10
489.320000  4.206704e-10
489.340000  4.233265e-10
489.360000  4.260005e-10
489.380000  4.286906e-10
489.400000  4.313950e-10
489.420000  4.341120e-10
489.440000  4.368403e-10
489.460000  4.395785e-10
489.480000  4.423253e-10
489.500000  4.450795e-10
489.520000  4.478400e-10
489.540000  4.506059e-10
489.560000  4.533762e-10
489.580000  4.561502e-10
489.600000  4.589269e-10
489.620000  4.617058e-10
489.640000  4.644860e-10
489.660000  4.672670e-10
489.680000  4.700481e-10
489.700000  4.728288e-10
489.720000  4.756086e-10
489.740000  4.783870e-10
489.760000  4.811634e-10
489.780000  4.839375e-10
489.800000  4.867087e-10
489.820000  4.894766e-10
489.840000  4.922408e-10
489.860000  4.950009e-10
489.880000  4.977565e-10
489.900000  5.005071e-10
489.920000  5.032524e-10
489.940000  5.059918e-10
489.960000  5.087250e-10
489.980000  5.114516e-10
490.000000  5.141710e-10
490.020000  5.168828e-10
490.040000  5.195865e-10
490.060000  5.222816e-10
490.080000  5.249676e-10
490.100000  5.276440e-10
490.120000  5.303101e-10
490.140000  5.329654e-10
490.160000  5.356092e-10
490.180000  5.382410e-10
490.200000  5.408599e-10
490.220000  5.434653e-10
490.240000  5.460565e-10
490.260000  5.486325e-10
490.280000  5.511928e-10
490.300000  5.537362e-10
490.320000  5.562621e-10
490.340000  5.587694e-10
490.360000  5.612571e-10
490.380000  5.637243e-10
490.400000  5.661699e-10
490.420000  5.685928e-10
490.440000  5.709918e-10
490.460000  5.733659e-10
490.480000  5.757138e-10
490.500000  5.780342e-10
490.520000  5.803258e-10
490.540000  5.825874e-10
490.560000  5.848175e-10
490.580000  5.870149e-10
490.600000  5.891780e-10
490.620000  5.913054e-10
490.640000  5.933956e-10
490.660000  5.954471e-10
490.680000  5.974583e-10
490.700000  5.994278e-10
490.720000  6.013538e-10
490.740000  6.032349e-10
490.760000  6.050694e-10
490.780000  6.068556e-10
490.800000  6.085920e-10
490.820000  6.102768e-10
490.840000  6.119085e-10
490.860000  6.134855e-10
490.880000  6.150060e-10
490.900000  6.164684e-10
490.920000  6.178712e-10
490.940000  6.192127e-10
490.960000  6.204915e-10
490.980000  6.217058e-10
491.000000  6.228543e-10
491.020000  6.239353e-10
491.040000  6.249476e-10
491.060000  6.258896e-10
491.080000  6.267601e-10
491.100000  6.275577e-10
491.120000  6.282812e-10
491.140000  6.289293e-10
491.160000  6.295010e-10
491.180000  6.299952e-10
491.200000  6.304109e-10
491.220000  6.307471e-10
491.240000  6.310031e-10
491.260000  6.311781e-10
491.280000  6.312714e-10
491.300000  6.312824e-10
491.320000  6.312106e-10
491.340000  6.310557e-10
491.360000  6.308173e-10
491.380000  6.304951e-10
491.400000  6.300892e-10
491.420000  6.295994e-10
491.440000  6.290259e-10
491.460000  6.283688e-10
491.480000  6.276285e-10
491.500000  6.268054e-10
491.520000  6.258999e-10
491.540000  6.249127e-10
491.560000  6.238445e-10
491.580000  6.226962e-10
491.600000  6.214685e-10
491.620000  6.201627e-10
491.640000  6.187799e-10
491.660000  6.173212e-10
491.680000  6.157880e-10
491.700000  6.141817e-10
491.720000  6.125040e-10
491.740000  6.107564e-10
491.760000  6.089406e-10
491.780000  6.070584e-10
491.800000  6.051118e-10
491.820000  6.031027e-10
491.840000  6.010332e-10
491.860000  5.989053e-10
491.880000  5.967214e-10
491.900000  5.944836e-10
491.920000  5.921943e-10
491.940000  5.898559e-10
491.960000  5.874708e-10
491.980000  5.850416e-10
492.000000  5.825707e-10
492.020000  5.800608e-10
492.040000  5.775145e-10
492.060000  5.749344e-10
492.080000  5.723233e-10
492.100000  5.696839e-10
492.120000  5.670188e-10
492.140000  5.643308e-10
492.160000  5.616227e-10
492.180000  5.588972e-10
492.200000  5.561571e-10
492.220000  5.534051e-10
492.240000  5.506440e-10
492.260000  5.478765e-10
492.280000  5.451052e-10
492.300000  5.423330e-10
492.320000  5.395625e-10
492.340000  5.367962e-10
492.360000  5.340367e-10
492.380000  5.312867e-10
492.400000  5.285485e-10
492.420000  5.258247e-10
492.440000  5.231177e-10
492.460000  5.204298e-10
492.480000  5.177632e-10
492.500000  5.151202e-10
492.520000  5.125030e-10
492.540000  5.099135e-10
492.560000  5.073539e-10
492.580000  5.048260e-10
492.600000  5.023316e-10
492.620000  4.998726e-10
492.640000  4.974506e-10
492.660000  4.950672e-10
492.680000  4.927238e-10
492.700000  4.904218e-10
492.720000  4.881626e-10
492.740000  4.859474e-10
492.760000  4.837772e-10
492.780000  4.816530e-10
492.800000  4.795757e-10
492.820000  4.775461e-10
492.840000  4.755649e-10
492.860000  4.736326e-10
492.880000  4.717496e-10
492.900000  4.699164e-10
492.920000  4.681332e-10
492.940000  4.664001e-10
492.960000  4.647170e-10
492.980000  4.630840e-10
493.000000  4.615007e-10
493.020000  4.599669e-10
493.040000  4.584822e-10
493.060000  4.570460e-10
493.080000  4.556576e-10
493.100000  4.543164e-10
493.120000  4.530214e-10
493.140000  4.517718e-10
493.160000  4.505664e-10
493.180000  4.494042e-10
493.200000  4.482838e-10
493.220000  4.472040e-10
493.240000  4.461634e-10
493.260000  4.451604e-10
493.280000  4.441936e-10
493.300000  4.432611e-10
493.320000  4.423614e-10
493.340000  4.414926e-10
493.360000  4.406530e-10
493.380000  4.398406e-10
493.400000  4.390535e-10
493.420000  4.382898e-10
493.440000  4.375474e-10
493.460000  4.368243e-10
493.480000  4.361185e-10
493.500000  4.354280e-10
493.520000  4.347506e-10
493.540000  4.340845e-10
493.560000  4.334274e-10
493.580000  4.327775e-10
493.600000  4.321327e-10
493.620000  4.314911e-10
493.640000  4.308510e-10
493.660000  4.302104e-10
493.680000  4.295676e-10
493.700000  4.289210e-10
493.720000  4.282691e-10
493.740000  4.276103e-10
493.760000  4.269434e-10
493.780000  4.262670e-10
493.800000  4.255802e-10
493.820000  4.248821e-10
493.840000  4.241717e-10
493.860000  4.234486e-10
493.880000  4.227122e-10
493.900000  4.219625e-10
493.920000  4.211992e-10
493.940000  4.204226e-10
493.960000  4.196330e-10
493.980000  4.188311e-10
494.000000  4.180177e-10
494.020000  4.171939e-10
494.040000  4.163611e-10
494.060000  4.155209e-10
494.080000  4.146752e-10
494.100000  4.138262e-10
494.120000  4.129762e-10
494.140000  4.121282e-10
494.160000  4.112852e-10
494.180000  4.104506e-10
494.200000  4.096281e-10
494.220000  4.088216e-10
494.240000  4.080357e-10
494.260000  4.072750e-10
494.280000  4.065445e-10
494.300000  4.058497e-10
494.320000  4.051963e-10
494.340000  4.045903e-10
494.360000  4.040383e-10
494.380000  4.035471e-10
494.400000  4.031239e-10
494.420000  4.027762e-10
494.440000  4.025120e-10
494.460000  4.023395e-10
494.480000  4.022675e-10
494.500000  4.023050e-10
494.520000  4.024614e-10
494.540000  4.027465e-10
494.560000  4.031706e-10
494.580000  4.037442e-10
494.600000  4.044782e-10
494.620000  4.053841e-10
494.640000  4.064735e-10
494.660000  4.077586e-10
494.680000  4.092518e-10
494.700000  4.109661e-10
494.720000  4.129148e-10
494.740000  4.151115e-10
494.760000  4.175703e-10
494.780000  4.203058e-10
494.800000  4.233327e-10
494.820000  4.266665e-10
494.840000  4.303227e-10
494.860000  4.343176e-10
494.880000  4.386677e-10
494.900000  4.433899e-10
494.920000  4.485016e-10
494.940000  4.540208e-10
494.960000  4.599656e-10
494.980000  4.663548e-10
495.000000  4.732077e-10
495.020000  4.805439e-10
495.040000  4.883835e-10
495.060000  4.967473e-10
495.080000  5.056563e-10
495.100000  5.151321e-10
495.120000  5.251971e-10
495.140000  5.358739e-10
495.160000  5.471857e-10
495.180000  5.591564e-10
495.200000  5.718104e-10
495.220000  5.851725e-10
495.240000  5.992685e-10
495.260000  6.141245e-10
495.280000  6.297673e-10
495.300000  6.462243e-10
495.320000  6.635236e-10
495.340000  6.816941e-10
495.360000  7.007651e-10
495.380000  7.207668e-10
495.400000  7.417300e-10
495.420000  7.636862e-10
495.440000  7.866679e-10
495.460000  8.107078e-10
495.480000  8.358399e-10
495.500000  8.620987e-10
495.520000  8.895193e-10
495.540000  9.181378e-10
495.560000  9.479912e-10
495.580000  9.791168e-10
495.600000  1.011553e-09
495.620000  1.045339e-09
495.640000  1.080515e-09
495.660000  1.117122e-09
495.680000  1.155200e-09
495.700000  1.194792e-09
495.720000  1.235941e-09
495.740000  1.278691e-09
495.760000  1.323086e-09
495.780000  1.369171e-09
495.800000  1.416992e-09
495.820000  1.466595e-09
495.840000  1.518027e-09
495.860000  1.571337e-09
495.880000  1.626571e-09
495.900000  1.683778e-09
495.920000  1.743009e-09
495.940000  1.804311e-09
495.960000  1.867736e-09
495.980000  1.933333e-09
496.000000  2.001152e-09
496.020000  2.071246e-09
496.040000  2.143663e-09
496.060000  2.218456e-09
496.080000  2.295674e-09
496.100000  2.375369e-09
496.120000  2.457591e-09
496.140000  2.542390e-09
496.160000  2.629817e-09
496.180000  2.719920e-09
496.200000  2.812748e-09
496.220000  2.908350e-09
496.240000  3.006773e-09
496.260000  3.108063e-09
496.280000  3.212266e-09
496.300000  3.319425e-09
496.320000  3.429584e-09
496.340000  3.542785e-09
496.360000  3.659066e-09
496.380000  3.778466e-09
496.400000  3.901022e-09
496.420000  4.026767e-09
496.440000  4.155735e-09
496.460000  4.287954e-09
496.480000  4.423451e-09
496.500000  4.562253e-09
496.520000  4.704379e-09
496.540000  4.849850e-09
496.560000  4.998680e-09
496.580000  5.150882e-09
496.600000  5.306464e-09
496.620000  5.465433e-09
496.640000  5.627788e-09
496.660000  5.793527e-09
496.680000  5.962644e-09
496.700000  6.135126e-09
496.720000  6.310957e-09
496.740000  6.490118e-09
496.760000  6.672582e-09
496.780000  6.858318e-09
496.800000  7.047291e-09
496.820000  7.239460e-09
496.840000  7.434777e-09
496.860000  7.633190e-09
496.880000  7.834642e-09
496.900000  8.039067e-09
496.920000  8.246396e-09
496.940000  8.456552e-09
496.960000  8.669453e-09
496.980000  8.885009e-09
497.000000  9.103126e-09
497.020000  9.323701e-09
497.040000  9.546626e-09
497.060000  9.771786e-09
497.080000  9.999060e-09
497.100000  1.022832e-08
497.120000  1.045943e-08
497.140000  1.069224e-08
497.160000  1.092662e-08
497.180000  1.116240e-08
497.200000  1.139943e-08
497.220000  1.163753e-08
497.240000  1.187654e-08
497.260000  1.211627e-08
497.280000  1.235654e-08
497.300000  1.259715e-08
497.320000  1.283791e-08
497.340000  1.307862e-08
497.360000  1.331906e-08
497.380000  1.355903e-08
497.400000  1.379830e-08
497.420000  1.403666e-08
497.440000  1.427388e-08
497.460000  1.450973e-08
497.480000  1.474397e-08
497.500000  1.497637e-08
497.520000  1.520669e-08
497.540000  1.543469e-08
497.560000  1.566013e-08
497.580000  1.588276e-08
497.600000  1.610233e-08
497.620000  1.631860e-08
497.640000  1.653133e-08
497.660000  1.674027e-08
497.680000  1.694517e-08
497.700000  1.714580e-08
497.720000  1.734191e-08
497.740000  1.753326e-08
497.760000  1.771962e-08
497.780000  1.790076e-08
497.800000  1.807645e-08
497.820000  1.824647e-08
497.840000  1.841060e-08
497.860000  1.856864e-08
497.880000  1.872037e-08
497.900000  1.886561e-08
497.920000  1.900415e-08
497.940000  1.913583e-08
497.960000  1.926046e-08
497.980000  1.937788e-08
498.000000  1.948794e-08
498.020000  1.959049e-08
498.040000  1.968539e-08
498.060000  1.977253e-08
498.080000  1.985179e-08
498.100000  1.992307e-08
498.120000  1.998628e-08
498.140000  2.004134e-08
498.160000  2.008818e-08
498.180000  2.012676e-08
498.200000  2.015704e-08
498.220000  2.017898e-08
498.240000  2.019258e-08
498.260000  2.019784e-08
498.280000  2.019476e-08
498.300000  2.018338e-08
498.320000  2.016374e-08
498.340000  2.013589e-08
498.360000  2.009990e-08
498.380000  2.005584e-08
498.400000  2.000382e-08
498.420000  1.994393e-08
498.440000  1.987630e-08
498.460000  1.980106e-08
498.480000  1.971835e-08
498.500000  1.962833e-08
498.520000  1.953116e-08
498.540000  1.942703e-08
498.560000  1.931611e-08
498.580000  1.919861e-08
498.600000  1.907474e-08
498.620000  1.894472e-08
498.640000  1.880876e-08
498.660000  1.866712e-08
498.680000  1.852002e-08
498.700000  1.836771e-08
498.720000  1.821046e-08
498.740000  1.804852e-08
498.760000  1.788216e-08
498.780000  1.771164e-08
498.800000  1.753725e-08
498.820000  1.735926e-08
498.840000  1.717795e-08
498.860000  1.699360e-08
498.880000  1.680649e-08
498.900000  1.661690e-08
498.920000  1.642512e-08
498.940000  1.623143e-08
498.960000  1.603611e-08
498.980000  1.583944e-08
499.000000  1.564168e-08
499.020000  1.544312e-08
499.040000  1.524401e-08
499.060000  1.504463e-08
499.080000  1.484522e-08
499.100000  1.464604e-08
499.120000  1.444734e-08
499.140000  1.424935e-08
499.160000  1.405230e-08
499.180000  1.385642e-08
499.200000  1.366193e-08
499.220000  1.346902e-08
499.240000  1.327790e-08
499.260000  1.308877e-08
499.280000  1.290179e-08
499.300000  1.271714e-08
499.320000  1.253498e-08
499.340000  1.235547e-08
499.360000  1.217874e-08
499.380000  1.200492e-08
499.400000  1.183413e-08
499.420000  1.166650e-08
499.440000  1.150210e-08
499.460000  1.134105e-08
499.480000  1.118340e-08
499.500000  1.102924e-08
499.520000  1.087863e-08
499.540000  1.073161e-08
499.560000  1.058822e-08
499.580000  1.044850e-08
499.600000  1.031247e-08
499.620000  1.018013e-08
499.640000  1.005150e-08
499.660000  9.926564e-09
499.680000  9.805312e-09
499.700000  9.687723e-09
499.720000  9.573769e-09
499.740000  9.463414e-09
499.760000  9.356617e-09
499.780000  9.253328e-09
499.800000  9.153492e-09
499.820000  9.057050e-09
499.840000  8.963934e-09
499.860000  8.874076e-09
499.880000  8.787401e-09
499.900000  8.703828e-09
499.920000  8.623276e-09
499.940000  8.545660e-09
499.960000  8.470890e-09
499.980000  8.398876e-09
500.000000  8.329526e-09
500.020000  8.262744e-09
500.040000  8.198436e-09
500.060000  8.136504e-09
500.080000  8.076852e-09
500.100000  8.019383e-09
500.120000  7.964000e-09
500.140000  7.910606e-09
500.160000  7.859105e-09
500.180000  7.809404e-09
500.200000  7.761409e-09
500.220000  7.715028e-09
500.240000  7.670173e-09
500.260000  7.626755e-09
500.280000  7.584689e-09
500.300000  7.543893e-09
500.320000  7.504286e-09
500.340000  7.465792e-09
500.360000  7.428337e-09
500.380000  7.391849e-09
500.400000  7.356260e-09
500.420000  7.321506e-09
500.440000  7.287526e-09
500.460000  7.254263e-09
500.480000  7.221661e-09
500.500000  7.189671e-09
500.520000  7.158246e-09
500.540000  7.127342e-09
500.560000  7.096918e-09
500.580000  7.066940e-09
500.600000  7.037373e-09
500.620000  7.008190e-09
500.640000  6.979362e-09
500.660000  6.950869e-09
500.680000  6.922691e-09
500.700000  6.894812e-09
500.720000  6.867220e-09
500.740000  6.839904e-09
500.760000  6.812858e-09
500.780000  6.786079e-09
500.800000  6.759566e-09
500.820000  6.733320e-09
500.840000  6.707348e-09
500.860000  6.681655e-09
500.880000  6.656253e-09
500.900000  6.631153e-09
500.920000  6.606370e-09
500.940000  6.581922e-09
500.960000  6.557826e-09
500.980000  6.534106e-09
501.000000  6.510783e-09
501.020000  6.487884e-09
501.040000  6.465436e-09
501.060000  6.443468e-09
501.080000  6.422011e-09
501.100000  6.401098e-09
501.120000  6.380763e-09
501.140000  6.361042e-09
501.160000  6.341974e-09
501.180000  6.323598e-09
501.200000  6.305955e-09
501.220000  6.289086e-09
501.240000  6.273038e-09
501.260000  6.257855e-09
501.280000  6.243584e-09
501.300000  6.230275e-09
501.320000  6.217977e-09
501.340000  6.206744e-09
501.360000  6.196627e-09
501.380000  6.187682e-09
501.400000  6.179966e-09
501.420000  6.173537e-09
501.440000  6.168454e-09
501.460000  6.164780e-09
501.480000  6.162577e-09
501.500000  6.161911e-09
501.520000  6.162847e-09
501.540000  6.165455e-09
501.560000  6.169805e-09
501.580000  6.175968e-09
501.600000  6.184018e-09
501.620000  6.194032e-09
501.640000  6.206087e-09
501.660000  6.220262e-09
501.680000  6.236640e-09
501.700000  6.255304e-09
501.720000  6.276340e-09
501.740000  6.299836e-09
501.760000  6.325881e-09
501.780000  6.354569e-09
501.800000  6.385993e-09
501.820000  6.420250e-09
501.840000  6.457438e-09
501.860000  6.497659e-09
501.880000  6.541016e-09
501.900000  6.587614e-09
501.920000  6.637562e-09
501.940000  6.690968e-09
501.960000  6.747945e-09
501.980000  6.808609e-09
502.000000  6.873074e-09
502.020000  6.941461e-09
502.040000  7.013891e-09
502.060000  7.090486e-09
502.080000  7.171372e-09
502.100000  7.256677e-09
502.120000  7.346530e-09
502.140000  7.441062e-09
502.160000  7.540407e-09
502.180000  7.644699e-09
502.200000  7.754075e-09
502.220000  7.868675e-09
502.240000  7.988637e-09
502.260000  8.114103e-09
502.280000  8.245215e-09
502.300000  8.382118e-09
502.320000  8.524955e-09
502.340000  8.673872e-09
502.360000  8.829016e-09
502.380000  8.990533e-09
502.400000  9.158570e-09
502.420000  9.333275e-09
502.440000  9.514793e-09
502.460000  9.703274e-09
502.480000  9.898862e-09
502.500000  1.010170e-08
502.520000  1.031194e-08
502.540000  1.052973e-08
502.560000  1.075520e-08
502.580000  1.098849e-08
502.600000  1.122975e-08
502.620000  1.147912e-08
502.640000  1.173673e-08
502.660000  1.200271e-08
502.680000  1.227719e-08
502.700000  1.256031e-08
502.720000  1.285218e-08
502.740000  1.315293e-08
502.760000  1.346269e-08
502.780000  1.378156e-08
502.800000  1.410966e-08
502.820000  1.444710e-08
502.840000  1.479399e-08
502.860000  1.515043e-08
502.880000  1.551652e-08
502.900000  1.589235e-08
502.920000  1.627802e-08
502.940000  1.667363e-08
502.960000  1.707925e-08
502.980000  1.749497e-08
503.000000  1.792088e-08
503.020000  1.835705e-08
503.040000  1.880355e-08
503.060000  1.926048e-08
503.080000  1.972789e-08
503.100000  2.020586e-08
503.120000  2.069447e-08
503.140000  2.119379e-08
503.160000  2.170388e-08
503.180000  2.222482e-08
503.200000  2.275669e-08
503.220000  2.329956e-08
503.240000  2.385351e-08
503.260000  2.441862e-08
503.280000  2.499497e-08
503.300000  2.558266e-08
503.320000  2.618178e-08
503.340000  2.679242e-08
503.360000  2.741469e-08
503.380000  2.804871e-08
503.400000  2.869459e-08
503.420000  2.935247e-08
503.440000  3.002247e-08
503.460000  3.070474e-08
503.480000  3.139945e-08
503.500000  3.210674e-08
503.520000  3.282680e-08
503.540000  3.355982e-08
503.560000  3.430600e-08
503.580000  3.506554e-08
503.600000  3.583867e-08
503.620000  3.662563e-08
503.640000  3.742666e-08
503.660000  3.824202e-08
503.680000  3.907200e-08
503.700000  3.991688e-08
503.720000  4.077695e-08
503.740000  4.165255e-08
503.760000  4.254398e-08
503.780000  4.345159e-08
503.800000  4.437574e-08
503.820000  4.531679e-08
503.840000  4.627510e-08
503.860000  4.725108e-08
503.880000  4.824511e-08
503.900000  4.925761e-08
503.920000  5.028898e-08
503.940000  5.133965e-08
503.960000  5.241005e-08
503.980000  5.350062e-08
504.000000  5.461181e-08
504.020000  5.574406e-08
504.040000  5.689782e-08
504.060000  5.807355e-08
504.080000  5.927170e-08
504.100000  6.049273e-08
504.120000  6.173710e-08
504.140000  6.300525e-08
504.160000  6.429765e-08
504.180000  6.561473e-08
504.200000  6.695694e-08
504.220000  6.832471e-08
504.240000  6.971846e-08
504.260000  7.113862e-08
504.280000  7.258560e-08
504.300000  7.405978e-08
504.320000  7.556155e-08
504.340000  7.709129e-08
504.360000  7.864934e-08
504.380000  8.023605e-08
504.400000  8.185174e-08
504.420000  8.349672e-08
504.440000  8.517128e-08
504.460000  8.687567e-08
504.480000  8.861016e-08
504.500000  9.037496e-08
504.520000  9.217029e-08
504.540000  9.399632e-08
504.560000  9.585322e-08
504.580000  9.774112e-08
504.600000  9.966012e-08
504.620000  1.016103e-07
504.640000  1.035918e-07
504.660000  1.056046e-07
504.680000  1.076487e-07
504.700000  1.097240e-07
504.720000  1.118306e-07
504.740000  1.139685e-07
504.760000  1.161373e-07
504.780000  1.183372e-07
504.800000  1.205679e-07
504.820000  1.228292e-07
504.840000  1.251209e-07
504.860000  1.274429e-07
504.880000  1.297948e-07
504.900000  1.321764e-07
504.920000  1.345873e-07
504.940000  1.370273e-07
504.960000  1.394959e-07
504.980000  1.419928e-07
505.000000  1.445175e-07
505.020000  1.470697e-07
505.040000  1.496488e-07
505.060000  1.522544e-07
505.080000  1.548859e-07
505.100000  1.575429e-07
505.120000  1.602248e-07
505.140000  1.629309e-07
505.160000  1.656608e-07
505.180000  1.684137e-07
505.200000  1.711891e-07
505.220000  1.739862e-07
505.240000  1.768045e-07
505.260000  1.796432e-07
505.280000  1.825016e-07
505.300000  1.853789e-07
505.320000  1.882746e-07
505.340000  1.911877e-07
505.360000  1.941176e-07
505.380000  1.970635e-07
505.400000  2.000245e-07
505.420000  2.030000e-07
505.440000  2.059892e-07
505.460000  2.089911e-07
505.480000  2.120052e-07
505.500000  2.150305e-07
505.520000  2.180662e-07
505.540000  2.211116e-07
505.560000  2.241660e-07
505.580000  2.272285e-07
505.600000  2.302983e-07
505.620000  2.333748e-07
505.640000  2.364572e-07
505.660000  2.395448e-07
505.680000  2.426368e-07
505.700000  2.457327e-07
505.720000  2.488318e-07
505.740000  2.519335e-07
505.760000  2.550372e-07
505.780000  2.581423e-07
505.800000  2.612484e-07
505.820000  2.643550e-07
505.840000  2.674616e-07
505.860000  2.705679e-07
505.880000  2.736735e-07
505.900000  2.767782e-07
505.920000  2.798818e-07
505.940000  2.829840e-07
505.960000  2.860848e-07
505.980000  2.891841e-07
506.000000  2.922819e-07
506.020000  2.953783e-07
506.040000  2.984735e-07
506.060000  3.015676e-07
506.080000  3.046609e-07
506.100000  3.077539e-07
506.120000  3.108468e-07
506.140000  3.139403e-07
506.160000  3.170348e-07
506.180000  3.201310e-07
506.200000  3.232295e-07
506.220000  3.263312e-07
506.240000  3.294369e-07
506.260000  3.325474e-07
506.280000  3.356638e-07
506.300000  3.387869e-07
506.320000  3.419180e-07
506.340000  3.450580e-07
506.360000  3.482081e-07
506.380000  3.513695e-07
506.400000  3.545434e-07
506.420000  3.577310e-07
506.440000  3.609337e-07
506.460000  3.641526e-07
506.480000  3.673889e-07
506.500000  3.706440e-07
506.520000  3.739191e-07
506.540000  3.772153e-07
506.560000  3.805338e-07
506.580000  3.838756e-07
506.600000  3.872419e-07
506.620000  3.906335e-07
506.640000  3.940514e-07
506.660000  3.974963e-07
506.680000  4.009688e-07
506.700000  4.044694e-07
506.720000  4.079986e-07
506.740000  4.115566e-07
506.760000  4.151435e-07
506.780000  4.187591e-07
506.800000  4.224031e-07
506.820000  4.260751e-07
506.840000  4.297743e-07
506.860000  4.334999e-07
506.880000  4.372506e-07
506.900000  4.410250e-07
506.920000  4.448216e-07
506.940000  4.486383e-07
506.960000  4.524730e-07
506.980000  4.563232e-07
507.000000  4.601864e-07
507.020000  4.640593e-07
507.040000  4.679388e-07
507.060000  4.718213e-07
507.080000  4.757030e-07
507.100000  4.795798e-07
507.120000  4.834472e-07
507.140000  4.873007e-07
507.160000  4.911353e-07
507.180000  4.949459e-07
507.200000  4.987271e-07
507.220000  5.024733e-07
507.240000  5.061786e-07
507.260000  5.098370e-07
507.280000  5.134423e-07
507.300000  5.169881e-07
507.320000  5.204679e-07
507.340000  5.238751e-07
507.360000  5.272029e-07
507.380000  5.304444e-07
507.400000  5.335929e-07
507.420000  5.366414e-07
507.440000  5.395829e-07
507.460000  5.424107e-07
507.480000  5.451179e-07
507.500000  5.476978e-07
507.520000  5.501437e-07
507.540000  5.524490e-07
507.560000  5.546075e-07
507.580000  5.566130e-07
507.600000  5.584596e-07
507.620000  5.601415e-07
507.640000  5.616534e-07
507.660000  5.629900e-07
507.680000  5.641466e-07
507.700000  5.651188e-07
507.720000  5.659022e-07
507.740000  5.664933e-07
507.760000  5.668887e-07
507.780000  5.670854e-07
507.800000  5.670810e-07
507.820000  5.668732e-07
507.840000  5.664606e-07
507.860000  5.658420e-07
507.880000  5.650166e-07
507.900000  5.639842e-07
507.920000  5.627451e-07
507.940000  5.612999e-07
507.960000  5.596498e-07
507.980000  5.577963e-07
508.000000  5.557417e-07
508.020000  5.534883e-07
508.040000  5.510392e-07
508.060000  5.483977e-07
508.080000  5.455675e-07
508.100000  5.425529e-07
508.120000  5.393583e-07
508.140000  5.359886e-07
508.160000  5.324491e-07
508.180000  5.287452e-07
508.200000  5.248828e-07
508.220000  5.208679e-07
508.240000  5.167069e-07
508.260000  5.124061e-07
508.280000  5.079724e-07
508.300000  5.034125e-07
508.320000  4.987336e-07
508.340000  4.939426e-07
508.360000  4.890468e-07
508.380000  4.840534e-07
508.400000  4.789696e-07
508.420000  4.738029e-07
508.440000  4.685603e-07
508.460000  4.632493e-07
508.480000  4.578768e-07
508.500000  4.524501e-07
508.520000  4.469762e-07
508.540000  4.414618e-07
508.560000  4.359138e-07
508.580000  4.303388e-07
508.600000  4.247431e-07
508.620000  4.191331e-07
508.640000  4.135148e-07
508.660000  4.078940e-07
508.680000  4.022764e-07
508.700000  3.966675e-07
508.720000  3.910725e-07
508.740000  3.854962e-07
508.760000  3.799436e-07
508.780000  3.744191e-07
508.800000  3.689270e-07
508.820000  3.634712e-07
508.840000  3.580557e-07
508.860000  3.526839e-07
508.880000  3.473593e-07
508.900000  3.420848e-07
508.920000  3.368633e-07
508.940000  3.316976e-07
508.960000  3.265899e-07
508.980000  3.215425e-07
509.000000  3.165575e-07
509.020000  3.116364e-07
509.040000  3.067811e-07
509.060000  3.019928e-07
509.080000  2.972728e-07
509.100000  2.926222e-07
509.120000  2.880417e-07
509.140000  2.835321e-07
509.160000  2.790940e-07
509.180000  2.747277e-07
509.200000  2.704336e-07
509.220000  2.662117e-07
509.240000  2.620621e-07
509.260000  2.579846e-07
509.280000  2.539791e-07
509.300000  2.500451e-07
509.320000  2.461822e-07
509.340000  2.423900e-07
509.360000  2.386678e-07
509.380000  2.350148e-07
509.400000  2.314304e-07
509.420000  2.279137e-07
509.440000  2.244637e-07
509.460000  2.210795e-07
509.480000  2.177602e-07
509.500000  2.145045e-07
509.520000  2.113115e-07
509.540000  2.081800e-07
509.560000  2.051088e-07
509.580000  2.020966e-07
509.600000  1.991424e-07
509.620000  1.962448e-07
509.640000  1.934026e-07
509.660000  1.906146e-07
509.680000  1.878794e-07
509.700000  1.851958e-07
509.720000  1.825626e-07
509.740000  1.799784e-07
509.760000  1.774422e-07
509.780000  1.749526e-07
509.800000  1.725085e-07
509.820000  1.701087e-07
509.840000  1.677520e-07
509.860000  1.654374e-07
509.880000  1.631637e-07
509.900000  1.609300e-07
509.920000  1.587352e-07
509.940000  1.565784e-07
509.960000  1.544587e-07
509.980000  1.523751e-07
510.000000  1.503270e-07
510.020000  1.483135e-07
510.040000  1.463339e-07
510.060000  1.443875e-07
510.080000  1.424738e-07
510.100000  1.405921e-07
510.120000  1.387421e-07
510.140000  1.369231e-07
510.160000  1.351348e-07
510.180000  1.333768e-07
510.200000  1.316489e-07
510.220000  1.299508e-07
510.240000  1.282823e-07
510.260000  1.266431e-07
510.280000  1.250332e-07
510.300000  1.234525e-07
510.320000  1.219010e-07
510.340000  1.203786e-07
510.360000  1.188853e-07
510.380000  1.174212e-07
510.400000  1.159863e-07
510.420000  1.145808e-07
510.440000  1.132047e-07
510.460000  1.118581e-07
510.480000  1.105413e-07
510.500000  1.092542e-07
510.520000  1.079972e-07
510.540000  1.067702e-07
510.560000  1.055734e-07
510.580000  1.044071e-07
510.600000  1.032711e-07
510.620000  1.021658e-07
510.640000  1.010910e-07
510.660000  1.000470e-07
510.680000  9.903364e-08
510.700000  9.805103e-08
510.720000  9.709909e-08
510.740000  9.617777e-08
510.760000  9.528695e-08
510.780000  9.442649e-08
510.800000  9.359621e-08
510.820000  9.279587e-08
510.840000  9.202519e-08
510.860000  9.128385e-08
510.880000  9.057148e-08
510.900000  8.988765e-08
510.920000  8.923189e-08
510.940000  8.860367e-08
510.960000  8.800241e-08
510.980000  8.742750e-08
511.000000  8.687825e-08
511.020000  8.635392e-08
511.040000  8.585375e-08
511.060000  8.537689e-08
511.080000  8.492247e-08
511.100000  8.448957e-08
511.120000  8.407721e-08
511.140000  8.368437e-08
511.160000  8.331001e-08
511.180000  8.295303e-08
511.200000  8.261229e-08
511.220000  8.228663e-08
511.240000  8.197485e-08
511.260000  8.167572e-08
511.280000  8.138800e-08
511.300000  8.111041e-08
511.320000  8.084166e-08
511.340000  8.058043e-08
511.360000  8.032543e-08
511.380000  8.007531e-08
511.400000  7.982876e-08
511.420000  7.958444e-08
511.440000  7.934103e-08
511.460000  7.909722e-08
511.480000  7.885171e-08
511.500000  7.860320e-08
511.520000  7.835045e-08
511.540000  7.809221e-08
511.560000  7.782726e-08
511.580000  7.755444e-08
511.600000  7.727261e-08
511.620000  7.698066e-08
511.640000  7.667754e-08
511.660000  7.636225e-08
511.680000  7.603382e-08
511.700000  7.569136e-08
511.720000  7.533403e-08
511.740000  7.496104e-08
511.760000  7.457167e-08
511.780000  7.416526e-08
511.800000  7.374124e-08
511.820000  7.329908e-08
511.840000  7.283833e-08
511.860000  7.235862e-08
511.880000  7.185966e-08
511.900000  7.134121e-08
511.920000  7.080312e-08
511.940000  7.024531e-08
511.960000  6.966779e-08
511.980000  6.907062e-08
512.000000  6.845396e-08
512.020000  6.781802e-08
512.040000  6.716309e-08
512.060000  6.648954e-08
512.080000  6.579779e-08
512.100000  6.508833e-08
512.120000  6.436173e-08
512.140000  6.361859e-08
512.160000  6.285960e-08
512.180000  6.208549e-08
512.200000  6.129703e-08
512.220000  6.049506e-08
512.240000  5.968044e-08
512.260000  5.885409e-08
512.280000  5.801696e-08
512.300000  5.717001e-08
512.320000  5.631427e-08
512.340000  5.545075e-08
512.360000  5.458050e-08
512.380000  5.370459e-08
512.400000  5.282409e-08
512.420000  5.194006e-08
512.440000  5.105360e-08
512.460000  5.016576e-08
512.480000  4.927761e-08
512.500000  4.839022e-08
512.520000  4.750460e-08
512.540000  4.662179e-08
512.560000  4.574277e-08
512.580000  4.486851e-08
512.600000  4.399994e-08
512.620000  4.313797e-08
512.640000  4.228347e-08
512.660000  4.143725e-08
512.680000  4.060011e-08
512.700000  3.977278e-08
512.720000  3.895596e-08
512.740000  3.815029e-08
512.760000  3.735638e-08
512.780000  3.657477e-08
512.800000  3.580596e-08
512.820000  3.505040e-08
512.840000  3.430847e-08
512.860000  3.358053e-08
512.880000  3.286686e-08
512.900000  3.216770e-08
512.920000  3.148324e-08
512.940000  3.081362e-08
512.960000  3.015893e-08
512.980000  2.951920e-08
513.000000  2.889445e-08
513.020000  2.828462e-08
513.040000  2.768962e-08
513.060000  2.710933e-08
513.080000  2.654357e-08
513.100000  2.599216e-08
513.120000  2.545484e-08
513.140000  2.493136e-08
513.160000  2.442141e-08
513.180000  2.392469e-08
513.200000  2.344085e-08
513.220000  2.296953e-08
513.240000  2.251035e-08
513.260000  2.206291e-08
513.280000  2.162681e-08
513.300000  2.120163e-08
513.320000  2.078695e-08
513.340000  2.038234e-08
513.360000  1.998738e-08
513.380000  1.960163e-08
513.400000  1.922468e-08
513.420000  1.885609e-08
513.440000  1.849547e-08
513.460000  1.814239e-08
513.480000  1.779647e-08
513.500000  1.745732e-08
513.520000  1.712457e-08
513.540000  1.679787e-08
513.560000  1.647688e-08
513.580000  1.616128e-08
513.600000  1.585075e-08
513.620000  1.554502e-08
513.640000  1.524382e-08
513.660000  1.494689e-08
513.680000  1.465401e-08
513.700000  1.436498e-08
513.720000  1.407959e-08
513.740000  1.379768e-08
513.760000  1.351909e-08
513.780000  1.324370e-08
513.800000  1.297140e-08
513.820000  1.270207e-08
513.840000  1.243565e-08
513.860000  1.217207e-08
513.880000  1.191127e-08
513.900000  1.165324e-08
513.920000  1.139794e-08
513.940000  1.114537e-08
513.960000  1.089554e-08
513.980000  1.064845e-08
514.000000  1.040413e-08
514.020000  1.016261e-08
514.040000  9.923935e-09
514.060000  9.688143e-09
514.080000  9.455287e-09
514.100000  9.225421e-09
514.120000  8.998602e-09
514.140000  8.774890e-09
514.160000  8.554346e-09
514.180000  8.337031e-09
514.200000  8.123005e-09
514.220000  7.912328e-09
514.240000  7.705058e-09
514.260000  7.501249e-09
514.280000  7.300953e-09
514.300000  7.104218e-09
514.320000  6.911089e-09
514.340000  6.721604e-09
514.360000  6.535798e-09
514.380000  6.353701e-09
514.400000  6.175336e-09
514.420000  6.000722e-09
514.440000  5.829872e-09
514.460000  5.662793e-09
514.480000  5.499487e-09
514.500000  5.339949e-09
514.520000  5.184170e-09
514.540000  5.032136e-09
514.560000  4.883825e-09
514.580000  4.739214e-09
514.600000  4.598272e-09
514.620000  4.460965e-09
514.640000  4.327254e-09
514.660000  4.197098e-09
514.680000  4.070451e-09
514.700000  3.947263e-09
514.720000  3.827482e-09
514.740000  3.711055e-09
514.760000  3.597924e-09
514.780000  3.488030e-09
514.800000  3.381313e-09
514.820000  3.277712e-09
514.840000  3.177165e-09
514.860000  3.079607e-09
514.880000  2.984976e-09
514.900000  2.893208e-09
514.920000  2.804239e-09
514.940000  2.718006e-09
514.960000  2.634447e-09
514.980000  2.553499e-09
515.000000  2.475101e-09
515.020000  2.399193e-09
515.040000  2.325716e-09
515.060000  2.254612e-09
515.080000  2.185825e-09
515.100000  2.119299e-09
515.120000  2.054981e-09
515.140000  1.992819e-09
515.160000  1.932761e-09
515.180000  1.874758e-09
515.200000  1.818762e-09
515.220000  1.764726e-09
515.240000  1.712604e-09
515.260000  1.662353e-09
515.280000  1.613929e-09
515.300000  1.567291e-09
515.320000  1.522397e-09
515.340000  1.479208e-09
515.360000  1.437685e-09
515.380000  1.397788e-09
515.400000  1.359482e-09
515.420000  1.322729e-09
515.440000  1.287492e-09
515.460000  1.253735e-09
515.480000  1.221424e-09
515.500000  1.190523e-09
515.520000  1.160996e-09
515.540000  1.132810e-09
515.560000  1.105930e-09
515.580000  1.080321e-09
515.600000  1.055948e-09
515.620000  1.032778e-09
515.640000  1.010777e-09
515.660000  9.899089e-10
515.680000  9.701409e-10
515.700000  9.514382e-10
515.720000  9.337668e-10
515.740000  9.170924e-10
515.760000  9.013808e-10
515.780000  8.865980e-10
515.800000  8.727101e-10
515.820000  8.596833e-10
515.840000  8.474840e-10
515.860000  8.360789e-10
515.880000  8.254349e-10
515.900000  8.155193e-10
515.920000  8.062997e-10
515.940000  7.977443e-10
515.960000  7.898218e-10
515.980000  7.825011e-10
516.000000  7.757522e-10
516.020000  7.695453e-10
516.040000  7.638516e-10
516.060000  7.586428e-10
516.080000  7.538917e-10
516.100000  7.495716e-10
516.120000  7.456569e-10
516.140000  7.421227e-10
516.160000  7.389452e-10
516.180000  7.361014e-10
516.200000  7.335694e-10
516.220000  7.313283e-10
516.240000  7.293582e-10
516.260000  7.276401e-10
516.280000  7.261562e-10
516.300000  7.248897e-10
516.320000  7.238249e-10
516.340000  7.229471e-10
516.360000  7.222426e-10
516.380000  7.216990e-10
516.400000  7.213048e-10
516.420000  7.210496e-10
516.440000  7.209241e-10
516.460000  7.209202e-10
516.480000  7.210306e-10
516.500000  7.212496e-10
516.520000  7.215721e-10
516.540000  7.219948e-10
516.560000  7.225150e-10
516.580000  7.231316e-10
516.600000  7.238449e-10
516.620000  7.246563e-10
516.640000  7.255688e-10
516.660000  7.265869e-10
516.680000  7.277168e-10
516.700000  7.289664e-10
516.720000  7.303456e-10
516.740000  7.318662e-10
516.760000  7.335424e-10
516.780000  7.353906e-10
516.800000  7.374300e-10
516.820000  7.396827e-10
516.840000  7.421737e-10
516.860000  7.449316e-10
516.880000  7.479887e-10
516.900000  7.513814e-10
516.920000  7.551503e-10
516.940000  7.593411e-10
516.960000  7.640046e-10
516.980000  7.691972e-10
517.000000  7.749817e-10
517.020000  7.814276e-10
517.040000  7.886115e-10
517.060000  7.966178e-10
517.080000  8.055397e-10
517.100000  8.154791e-10
517.120000  8.265480e-10
517.140000  8.388687e-10
517.160000  8.525748e-10
517.180000  8.678121e-10
517.200000  8.847390e-10
517.220000  9.035277e-10
517.240000  9.243649e-10
517.260000  9.474526e-10
517.280000  9.730092e-10
517.300000  1.001271e-09
517.320000  1.032490e-09
517.340000  1.066941e-09
517.360000  1.104916e-09
517.380000  1.146730e-09
517.400000  1.192717e-09
517.420000  1.243238e-09
517.440000  1.298675e-09
517.460000  1.359435e-09
517.480000  1.425951e-09
517.500000  1.498683e-09
517.520000  1.578118e-09
517.540000  1.664771e-09
517.560000  1.759185e-09
517.580000  1.861934e-09
517.600000  1.973619e-09
517.620000  2.094875e-09
517.640000  2.226364e-09
517.660000  2.368783e-09
517.680000  2.522855e-09
517.700000  2.689339e-09
517.720000  2.869022e-09
517.740000  3.062723e-09
517.760000  3.271289e-09
517.780000  3.495598e-09
517.800000  3.736558e-09
517.820000  3.995102e-09
517.840000  4.272192e-09
517.860000  4.568813e-09
517.880000  4.885974e-09
517.900000  5.224707e-09
517.920000  5.586062e-09
517.940000  5.971107e-09
517.960000  6.380923e-09
517.980000  6.816604e-09
518.000000  7.279255e-09
518.020000  7.769982e-09
518.040000  8.289897e-09
518.060000  8.840109e-09
518.080000  9.421719e-09
518.100000  1.003582e-08
518.120000  1.068349e-08
518.140000  1.136579e-08
518.160000  1.208376e-08
518.180000  1.283840e-08
518.200000  1.363068e-08
518.220000  1.446154e-08
518.240000  1.533186e-08
518.260000  1.624248e-08
518.280000  1.719419e-08
518.300000  1.818770e-08
518.320000  1.922366e-08
518.340000  2.030266e-08
518.360000  2.142518e-08
518.380000  2.259166e-08
518.400000  2.380240e-08
518.420000  2.505763e-08
518.440000  2.635749e-08
518.460000  2.770200e-08
518.480000  2.909106e-08
518.500000  3.052447e-08
518.520000  3.200190e-08
518.540000  3.352290e-08
518.560000  3.508690e-08
518.580000  3.669318e-08
518.600000  3.834090e-08
518.620000  4.002909e-08
518.640000  4.175663e-08
518.660000  4.352225e-08
518.680000  4.532458e-08
518.700000  4.716206e-08
518.720000  4.903303e-08
518.740000  5.093567e-08
518.760000  5.286802e-08
518.780000  5.482801e-08
518.800000  5.681340e-08
518.820000  5.882186e-08
518.840000  6.085090e-08
518.860000  6.289793e-08
518.880000  6.496024e-08
518.900000  6.703502e-08
518.920000  6.911933e-08
518.940000  7.121017e-08
518.960000  7.330442e-08
518.980000  7.539891e-08
519.000000  7.749037e-08
519.020000  7.957548e-08
519.040000  8.165088e-08
519.060000  8.371315e-08
519.080000  8.575883e-08
519.100000  8.778448e-08
519.120000  8.978659e-08
519.140000  9.176169e-08
519.160000  9.370630e-08
519.180000  9.561699e-08
519.200000  9.749033e-08
519.220000  9.932295e-08
519.240000  1.011115e-07
519.260000  1.028528e-07
519.280000  1.045437e-07
519.300000  1.061810e-07
519.320000  1.077617e-07
519.340000  1.092830e-07
519.360000  1.107422e-07
519.380000  1.121365e-07
519.400000  1.134635e-07
519.420000  1.147209e-07
519.440000  1.159063e-07
519.460000  1.170178e-07
519.480000  1.180535e-07
519.500000  1.190116e-07
519.520000  1.198906e-07
519.540000  1.206892e-07
519.560000  1.214061e-07
519.580000  1.220404e-07
519.600000  1.225911e-07
519.620000  1.230578e-07
519.640000  1.234400e-07
519.660000  1.237374e-07
519.680000  1.239499e-07
519.700000  1.240776e-07
519.720000  1.241209e-07
519.740000  1.240803e-07
519.760000  1.239564e-07
519.780000  1.237499e-07
519.800000  1.234620e-07
519.820000  1.230938e-07
519.840000  1.226465e-07
519.860000  1.221216e-07
519.880000  1.215207e-07
519.900000  1.208456e-07
519.920000  1.200980e-07
519.940000  1.192800e-07
519.960000  1.183937e-07
519.980000  1.174411e-07
520.000000  1.164247e-07
520.020000  1.153467e-07
520.040000  1.142095e-07
520.060000  1.130157e-07
520.080000  1.117678e-07
520.100000  1.104684e-07
520.120000  1.091201e-07
520.140000  1.077256e-07
520.160000  1.062876e-07
520.180000  1.048087e-07
520.200000  1.032918e-07
520.220000  1.017394e-07
520.240000  1.001543e-07
520.260000  9.853918e-08
520.280000  9.689666e-08
520.300000  9.522937e-08
520.320000  9.353991e-08
520.340000  9.183082e-08
520.360000  9.010461e-08
520.380000  8.836374e-08
520.400000  8.661060e-08
520.420000  8.484753e-08
520.440000  8.307681e-08
520.460000  8.130066e-08
520.480000  7.952122e-08
520.500000  7.774057e-08
520.520000  7.596072e-08
520.540000  7.418359e-08
520.560000  7.241104e-08
520.580000  7.064486e-08
520.600000  6.888674e-08
520.620000  6.713833e-08
520.640000  6.540118e-08
520.660000  6.367675e-08
520.680000  6.196647e-08
520.700000  6.027164e-08
520.720000  5.859354e-08
520.740000  5.693334e-08
520.760000  5.529215e-08
520.780000  5.367101e-08
520.800000  5.207090e-08
520.820000  5.049272e-08
520.840000  4.893732e-08
520.860000  4.740546e-08
520.880000  4.589786e-08
520.900000  4.441518e-08
520.920000  4.295802e-08
520.940000  4.152691e-08
520.960000  4.012234e-08
520.980000  3.874475e-08
521.000000  3.739450e-08
521.020000  3.607195e-08
521.040000  3.477737e-08
521.060000  3.351100e-08
521.080000  3.227304e-08
521.100000  3.106363e-08
521.120000  2.988290e-08
521.140000  2.873091e-08
521.160000  2.760769e-08
521.180000  2.651325e-08
521.200000  2.544755e-08
521.220000  2.441051e-08
521.240000  2.340203e-08
521.260000  2.242197e-08
521.280000  2.147018e-08
521.300000  2.054645e-08
521.320000  1.965057e-08
521.340000  1.878228e-08
521.360000  1.794132e-08
521.380000  1.712739e-08
521.400000  1.634017e-08
521.420000  1.557931e-08
521.440000  1.484445e-08
521.460000  1.413522e-08
521.480000  1.345122e-08
521.500000  1.279202e-08
521.520000  1.215719e-08
521.540000  1.154629e-08
521.560000  1.095885e-08
521.580000  1.039440e-08
521.600000  9.852450e-09
521.620000  9.332505e-09
521.640000  8.834058e-09
521.660000  8.356593e-09
521.680000  7.899589e-09
521.700000  7.462518e-09
521.720000  7.044845e-09
521.740000  6.646034e-09
521.760000  6.265544e-09
521.780000  5.902834e-09
521.800000  5.557359e-09
521.820000  5.228578e-09
521.840000  4.915949e-09
521.860000  4.618932e-09
521.880000  4.336990e-09
521.900000  4.069591e-09
521.920000  3.816208e-09
521.940000  3.576317e-09
521.960000  3.349403e-09
521.980000  3.134956e-09
522.000000  2.932477e-09
522.020000  2.741472e-09
522.040000  2.561458e-09
522.060000  2.391961e-09
522.080000  2.232516e-09
522.100000  2.082672e-09
522.120000  1.941985e-09
522.140000  1.810024e-09
522.160000  1.686371e-09
522.180000  1.570618e-09
522.200000  1.462370e-09
522.220000  1.361245e-09
522.240000  1.266871e-09
522.260000  1.178892e-09
522.280000  1.096963e-09
522.300000  1.020750e-09
522.320000  9.499350e-10
522.340000  8.842099e-10
522.360000  8.232801e-10
522.380000  7.668631e-10
522.400000  7.146888e-10
522.420000  6.664986e-10
522.440000  6.220461e-10
522.460000  5.810962e-10
522.480000  5.434251e-10
522.500000  5.088199e-10
522.520000  4.770785e-10
522.540000  4.480092e-10
522.560000  4.214302e-10
522.580000  3.971696e-10
522.600000  3.750646e-10
522.620000  3.549619e-10
522.640000  3.367165e-10
522.660000  3.201918e-10
522.680000  3.052595e-10
522.700000  2.917987e-10
522.720000  2.796957e-10
522.740000  2.688440e-10
522.760000  2.591436e-10
522.780000  2.505008e-10
522.800000  2.428279e-10
522.820000  2.360427e-10
522.840000  2.300686e-10
522.860000  2.248338e-10
522.880000  2.202713e-10
522.900000  2.163187e-10
522.920000  2.129177e-10
522.940000  2.100140e-10
522.960000  2.075569e-10
522.980000  2.054993e-10
523.000000  2.037973e-10
523.020000  2.024100e-10
523.040000  2.012995e-10
523.060000  2.004305e-10
523.080000  1.997700e-10
523.100000  1.992876e-10
523.120000  1.989549e-10
523.140000  1.987457e-10
523.160000  1.986355e-10
523.180000  1.986017e-10
523.200000  1.986234e-10
523.220000  1.986811e-10
523.240000  1.987570e-10
523.260000  1.988344e-10
523.280000  1.988983e-10
523.300000  1.989345e-10
523.320000  1.989301e-10
523.340000  1.988736e-10
523.360000  1.987541e-10
523.380000  1.985619e-10
523.400000  1.982884e-10
523.420000  1.979255e-10
523.440000  1.974665e-10
523.460000  1.969050e-10
523.480000  1.962357e-10
523.500000  1.954541e-10
523.520000  1.945563e-10
523.540000  1.935393e-10
523.560000  1.924004e-10
523.580000  1.911381e-10
523.600000  1.897510e-10
523.620000  1.882388e-10
523.640000  1.866015e-10
523.660000  1.848398e-10
523.680000  1.829547e-10
523.700000  1.809481e-10
523.720000  1.788222e-10
523.740000  1.765796e-10
523.760000  1.742234e-10
523.780000  1.717573e-10
523.800000  1.691851e-10
523.820000  1.665112e-10
523.840000  1.637403e-10
523.860000  1.608773e-10
523.880000  1.579275e-10
523.900000  1.548964e-10
523.920000  1.517898e-10
523.940000  1.486136e-10
523.960000  1.453740e-10
523.980000  1.420771e-10
524.000000  1.387294e-10
524.020000  1.353372e-10
524.040000  1.319071e-10
524.060000  1.284457e-10
524.080000  1.249593e-10
524.100000  1.214545e-10
524.120000  1.179377e-10
524.140000  1.144153e-10
524.160000  1.108934e-10
524.180000  1.073782e-10
524.200000  1.038756e-10
524.220000  1.003914e-10
524.240000  9.693120e-11
524.260000  9.350029e-11
524.280000  9.010387e-11
524.300000  8.674682e-11
524.320000  8.343380e-11
524.340000  8.016922e-11
524.360000  7.695717e-11
524.380000  7.380150e-11
524.400000  7.070577e-11
524.420000  6.767323e-11
524.440000  6.470686e-11
524.460000  6.180933e-11
524.480000  5.898303e-11
524.500000  5.623005e-11
524.520000  5.355219e-11
524.540000  5.095097e-11
524.560000  4.842765e-11
524.580000  4.598318e-11
524.600000  4.361829e-11
524.620000  4.133343e-11
524.640000  3.912880e-11
524.660000  3.700440e-11
524.680000  3.495998e-11
524.700000  3.299507e-11
524.720000  3.110904e-11
524.740000  2.930104e-11
524.760000  2.757006e-11
524.780000  2.591494e-11
524.800000  2.433434e-11
524.820000  2.282683e-11
524.840000  2.139082e-11
524.860000  2.002464e-11
524.880000  1.872651e-11
524.900000  1.749458e-11
524.920000  1.632691e-11
524.940000  1.522152e-11
524.960000  1.417636e-11
524.980000  1.318938e-11
525.000000  1.225846e-11
525.020000  1.138149e-11
525.040000  1.055635e-11
525.060000  9.780912e-12
525.080000  9.053062e-12
525.100000  8.370702e-12
525.120000  7.731756e-12
525.140000  7.134179e-12
525.160000  6.575959e-12
525.180000  6.055126e-12
525.200000  5.569753e-12
525.220000  5.117962e-12
525.240000  4.697928e-12
525.260000  4.307880e-12
525.280000  3.946104e-12
525.300000  3.610945e-12
525.320000  3.300810e-12
525.340000  3.014167e-12
525.360000  2.749546e-12
525.380000  2.505541e-12
525.400000  2.280808e-12
525.420000  2.074066e-12
525.440000  1.884095e-12
525.460000  1.709737e-12
525.480000  1.549895e-12
525.500000  1.403530e-12
525.520000  1.269660e-12
525.540000  1.147360e-12
525.560000  1.035758e-12
525.580000  9.340361e-13
525.600000  8.414258e-13
525.620000  7.572077e-13
525.640000  6.807091e-13
525.660000  6.113018e-13
525.680000  5.484006e-13
525.700000  4.914605e-13
525.720000  4.399755e-13
525.740000  3.934759e-13
525.760000  3.515268e-13
525.780000  3.137257e-13
525.800000  2.797013e-13
525.820000  2.491108e-13
525.840000  2.216389e-13
525.860000  1.969955e-13
525.880000  1.749143e-13
525.900000  1.551514e-13
525.920000  1.374831e-13
525.940000  1.217054e-13
525.960000  1.076317e-13
525.980000  9.509210e-14
526.000000  8.393190e-14
526.020000  7.401048e-14
526.040000  6.520021e-14
526.060000  5.738538e-14
526.080000  5.046125e-14
526.100000  4.433313e-14
526.120000  3.891554e-14
526.140000  3.413141e-14
526.160000  2.991134e-14
526.180000  2.619295e-14
526.200000  2.292021e-14
526.220000  2.004287e-14
526.240000  1.751594e-14
526.260000  1.529916e-14
526.280000  1.335659e-14
526.300000  1.165615e-14
526.320000  1.016927e-14
526.340000  8.870518e-15
526.360000  7.737302e-15
526.380000  6.749570e-15
526.400000  5.889546e-15
526.420000  5.141497e-15
526.440000  4.491509e-15
526.460000  3.927300e-15
526.480000  3.438036e-15
526.500000  3.014174e-15
526.520000  2.647321e-15
526.540000  2.330102e-15
526.560000  2.056045e-15
526.580000  1.819479e-15
526.600000  1.615440e-15
526.620000  1.439585e-15
526.640000  1.288126e-15
526.660000  1.157758e-15
526.680000  1.045600e-15
526.700000  9.491480e-16
526.720000  8.662253e-16
526.740000  7.949425e-16
526.760000  7.336618e-16
526.780000  6.809652e-16
526.800000  6.356262e-16
526.820000  5.965854e-16
526.840000  5.629286e-16
526.860000  5.338682e-16
526.880000  5.087259e-16
526.900000  4.869186e-16
526.920000  4.679456e-16
526.940000  4.513771e-16
526.960000  4.368451e-16
526.980000  4.240342e-16
527.000000  4.126750e-16
527.020000  4.025374e-16
527.040000  3.934250e-16
527.060000  3.851705e-16
527.080000  3.776314e-16
527.100000  3.706865e-16
527.120000  3.642331e-16
527.140000  3.581839e-16
527.160000  3.524649e-16
527.180000  3.470137e-16
527.200000  3.417776e-16
527.220000  3.367118e-16
527.240000  3.317792e-16
527.260000  3.269481e-16
527.280000  3.221923e-16
527.300000  3.174899e-16
527.320000  3.128226e-16
527.340000  3.081754e-16
527.360000  3.035359e-16
527.380000  2.988942e-16
527.400000  2.942422e-16
527.420000  2.895734e-16
527.440000  2.848831e-16
527.460000  2.801675e-16
527.480000  2.754241e-16
527.500000  2.706511e-16
527.520000  2.658478e-16
527.540000  2.610141e-16
527.560000  2.561503e-16
527.580000  2.512576e-16
527.600000  2.463373e-16
527.620000  2.413915e-16
527.640000  2.364223e-16
527.660000  2.314324e-16
527.680000  2.264246e-16
527.700000  2.214021e-16
527.720000  2.163683e-16
527.740000  2.113265e-16
527.760000  2.062806e-16
527.780000  2.012344e-16
527.800000  1.961919e-16
527.820000  1.911571e-16
527.840000  1.861341e-16
527.860000  1.811272e-16
527.880000  1.761405e-16
