448.140000  1.736888e-11
448.160000  1.748236e-11
448.180000  1.759711e-11
448.200000  1.771309e-11
448.220000  1.783026e-11
448.240000  1.794858e-11
448.260000  1.806802e-11
448.280000  1.818854e-11
448.300000  1.831009e-11
448.320000  1.843264e-11
448.340000  1.855617e-11
448.360000  1.868062e-11
448.380000  1.880598e-11
448.400000  1.893222e-11
448.420000  1.905930e-11
448.440000  1.918720e-11
448.460000  1.931590e-11
448.480000  1.944537e-11
448.500000  1.957561e-11
448.520000  1.970658e-11
448.540000  1.983830e-11
448.560000  1.997073e-11
448.580000  2.010388e-11
448.600000  2.023774e-11
448.620000  2.037230e-11
448.640000  2.050758e-11
448.660000  2.064358e-11
448.680000  2.078029e-11
448.700000  2.091774e-11
448.720000  2.105592e-11
448.740000  2.119487e-11
448.760000  2.133458e-11
448.780000  2.147509e-11
448.800000  2.161641e-11
448.820000  2.175856e-11
448.840000  2.190157e-11
448.860000  2.204546e-11
448.880000  2.219027e-11
448.900000  2.233601e-11
448.920000  2.248273e-11
448.940000  2.263046e-11
448.960000  2.277922e-11
448.980000  2.292906e-11
449.000000  2.308000e-11
449.020000  2.323208e-11
449.040000  2.338535e-11
449.060000  2.353984e-11
449.080000  2.369558e-11
449.100000  2.385263e-11
449.120000  2.401101e-11
449.140000  2.417076e-11
449.160000  2.433194e-11
449.180000  2.449457e-11
449.200000  2.465871e-11
449.220000  2.482439e-11
449.240000  2.499165e-11
449.260000  2.516055e-11
449.280000  2.533111e-11
449.300000  2.550339e-11
449.320000  2.567743e-11
449.340000  2.585328e-11
449.360000  2.603097e-11
449.380000  2.621055e-11
449.400000  2.639207e-11
449.420000  2.657557e-11
449.440000  2.676111e-11
449.460000  2.694871e-11
449.480000  2.713844e-11
449.500000  2.733034e-11
449.520000  2.752445e-11
449.540000  2.772082e-11
449.560000  2.791951e-11
449.580000  2.812056e-11
449.600000  2.832402e-11
449.620000  2.852995e-11
449.640000  2.873838e-11
449.660000  2.894938e-11
449.680000  2.916299e-11
449.700000  2.937926e-11
449.720000  2.959826e-11
449.740000  2.982003e-11
449.760000  3.004463e-11
449.780000  3.027211e-11
449.800000  3.050254e-11
449.820000  3.073595e-11
449.840000  3.097242e-11
449.860000  3.121200e-11
449.880000  3.145475e-11
449.900000  3.170073e-11
449.920000  3.195000e-11
449.940000  3.220262e-11
449.960000  3.245865e-11
449.980000  3.271816e-11
450.000000  3.298120e-11
450.020000  3.324785e-11
450.040000  3.351817e-11
450.060000  3.379222e-11
450.080000  3.407007e-11
450.100000  3.435179e-11
450.120000  3.463745e-11
450.140000  3.492711e-11
450.160000  3.522085e-11
450.180000  3.551874e-11
450.200000  3.582085e-11
450.220000  3.612725e-11
450.240000  3.643802e-11
450.260000  3.675322e-11
450.280000  3.707295e-11
450.300000  3.739726e-11
450.320000  3.772624e-11
450.340000  3.805997e-11
450.360000  3.839852e-11
450.380000  3.874197e-11
450.400000  3.909041e-11
450.420000  3.944392e-11
450.440000  3.980257e-11
450.460000  4.016645e-11
450.480000  4.053565e-11
450.500000  4.091024e-11
450.520000  4.129031e-11
450.540000  4.167596e-11
450.560000  4.206726e-11
450.580000  4.246430e-11
450.600000  4.286717e-11
450.620000  4.327596e-11
450.640000  4.369076e-11
450.660000  4.411166e-11
450.680000  4.453876e-11
450.700000  4.497214e-11
450.720000  4.541189e-11
450.740000  4.585811e-11
450.760000  4.631090e-11
450.780000  4.677035e-11
450.800000  4.723656e-11
450.820000  4.770962e-11
450.840000  4.818962e-11
450.860000  4.867668e-11
450.880000  4.917088e-11
450.900000  4.967233e-11
450.920000  5.018112e-11
450.940000  5.069736e-11
450.960000  5.122115e-11
450.980000  5.175259e-11
451.000000  5.229178e-11
451.020000  5.283882e-11
451.040000  5.339383e-11
451.060000  5.395690e-11
451.080000  5.452814e-11
451.100000  5.510766e-11
451.120000  5.569556e-11
451.140000  5.629194e-11
451.160000  5.689692e-11
451.180000  5.751060e-11
451.200000  5.813309e-11
451.220000  5.876449e-11
451.240000  5.940493e-11
451.260000  6.005449e-11
451.280000  6.071330e-11
451.300000  6.138147e-11
451.320000  6.205909e-11
451.340000  6.274629e-11
451.360000  6.344317e-11
451.380000  6.414983e-11
451.400000  6.486640e-11
451.420000  6.559298e-11
451.440000  6.632968e-11
451.460000  6.707660e-11
451.480000  6.783386e-11
451.500000  6.860157e-11
451.520000  6.937983e-11
451.540000  7.016874e-11
451.560000  7.096843e-11
451.580000  7.177899e-11
451.600000  7.260053e-11
451.620000  7.343315e-11
451.640000  7.427697e-11
451.660000  7.513207e-11
451.680000  7.599857e-11
451.700000  7.687656e-11
451.720000  7.776614e-11
451.740000  7.866742e-11
451.760000  7.958048e-11
451.780000  8.050543e-11
451.800000  8.144235e-11
451.820000  8.239134e-11
451.840000  8.335249e-11
451.860000  8.432589e-11
451.880000  8.531161e-11
451.900000  8.630975e-11
451.920000  8.732038e-11
451.940000  8.834359e-11
451.960000  8.937944e-11
451.980000  9.042801e-11
452.000000  9.148937e-11
452.020000  9.256359e-11
452.040000  9.365072e-11
452.060000  9.475084e-11
452.080000  9.586399e-11
452.100000  9.699022e-11
452.120000  9.812959e-11
452.140000  9.928214e-11
452.160000  1.004479e-10
452.180000  1.016269e-10
452.200000  1.028193e-10
452.220000  1.040249e-10
452.240000  1.052439e-10
452.260000  1.064762e-10
452.280000  1.077219e-10
452.300000  1.089809e-10
452.320000  1.102534e-10
452.340000  1.115392e-10
452.360000  1.128383e-10
452.380000  1.141508e-10
452.400000  1.154767e-10
452.420000  1.168158e-10
452.440000  1.181682e-10
452.460000  1.195338e-10
452.480000  1.209126e-10
452.500000  1.223044e-10
452.520000  1.237094e-10
452.540000  1.251273e-10
452.560000  1.265581e-10
452.580000  1.280018e-10
452.600000  1.294581e-10
452.620000  1.309272e-10
452.640000  1.324087e-10
452.660000  1.339027e-10
452.680000  1.354089e-10
452.700000  1.369273e-10
452.720000  1.384577e-10
452.740000  1.400000e-10
452.760000  1.415541e-10
452.780000  1.431197e-10
452.800000  1.446966e-10
452.820000  1.462848e-10
452.840000  1.478840e-10
452.860000  1.494940e-10
452.880000  1.511147e-10
452.900000  1.527457e-10
452.920000  1.543870e-10
452.940000  1.560381e-10
452.960000  1.576991e-10
452.980000  1.593694e-10
453.000000  1.610490e-10
453.020000  1.627376e-10
453.040000  1.644348e-10
453.060000  1.661404e-10
453.080000  1.678542e-10
453.100000  1.695757e-10
453.120000  1.713048e-10
453.140000  1.730412e-10
453.160000  1.747844e-10
453.180000  1.765342e-10
453.200000  1.782902e-10
453.220000  1.800522e-10
453.240000  1.818198e-10
453.260000  1.835925e-10
453.280000  1.853702e-10
453.300000  1.871524e-10
453.320000  1.889387e-10
453.340000  1.907289e-10
453.360000  1.925224e-10
453.380000  1.943190e-10
453.400000  1.961183e-10
453.420000  1.979199e-10
453.440000  1.997233e-10
453.460000  2.015283e-10
453.480000  2.033344e-10
453.500000  2.051413e-10
453.520000  2.069485e-10
453.540000  2.087556e-10
453.560000  2.105623e-10
453.580000  2.123682e-10
453.600000  2.141729e-10
453.620000  2.159759e-10
453.640000  2.177769e-10
453.660000  2.195756e-10
453.680000  2.213714e-10
453.700000  2.231641e-10
453.720000  2.249533e-10
453.740000  2.267385e-10
453.760000  2.285194e-10
453.780000  2.302957e-10
453.800000  2.320670e-10
453.820000  2.338329e-10
453.840000  2.355931e-10
453.860000  2.373472e-10
453.880000  2.390950e-10
453.900000  2.408360e-10
453.920000  2.425700e-10
453.940000  2.442966e-10
453.960000  2.460155e-10
453.980000  2.477265e-10
454.000000  2.494293e-10
454.020000  2.511235e-10
454.040000  2.528090e-10
454.060000  2.544854e-10
454.080000  2.561526e-10
454.100000  2.578102e-10
454.120000  2.594582e-10
454.140000  2.610961e-10
454.160000  2.627240e-10
454.180000  2.643415e-10
454.200000  2.659485e-10
454.220000  2.675449e-10
454.240000  2.691304e-10
454.260000  2.707050e-10
454.280000  2.722686e-10
454.300000  2.738210e-10
454.320000  2.753621e-10
454.340000  2.768918e-10
454.360000  2.784101e-10
454.380000  2.799170e-10
454.400000  2.814123e-10
454.420000  2.828960e-10
454.440000  2.843682e-10
454.460000  2.858288e-10
454.480000  2.872779e-10
454.500000  2.887154e-10
454.520000  2.901413e-10
454.540000  2.915559e-10
454.560000  2.929590e-10
454.580000  2.943508e-10
454.600000  2.957313e-10
454.620000  2.971007e-10
454.640000  2.984591e-10
454.660000  2.998066e-10
454.680000  3.011432e-10
454.700000  3.024693e-10
454.720000  3.037848e-10
454.740000  3.050900e-10
454.760000  3.063851e-10
454.780000  3.076703e-10
454.800000  3.089456e-10
454.820000  3.102114e-10
454.840000  3.114679e-10
454.860000  3.127152e-10
454.880000  3.139537e-10
454.900000  3.151835e-10
454.920000  3.164049e-10
454.940000  3.176181e-10
454.960000  3.188235e-10
454.980000  3.200212e-10
455.000000  3.212116e-10
455.020000  3.223950e-10
455.040000  3.235715e-10
455.060000  3.247416e-10
455.080000  3.259054e-10
455.100000  3.270634e-10
455.120000  3.282158e-10
455.140000  3.293628e-10
455.160000  3.305049e-10
455.180000  3.316424e-10
455.200000  3.327755e-10
455.220000  3.339045e-10
455.240000  3.350299e-10
455.260000  3.361518e-10
455.280000  3.372707e-10
455.300000  3.383868e-10
455.320000  3.395005e-10
455.340000  3.406121e-10
455.360000  3.417219e-10
455.380000  3.428302e-10
455.400000  3.439374e-10
455.420000  3.450438e-10
455.440000  3.461496e-10
455.460000  3.472552e-10
455.480000  3.483610e-10
455.500000  3.494672e-10
455.520000  3.505741e-10
455.540000  3.516821e-10
455.560000  3.527913e-10
455.580000  3.539022e-10
455.600000  3.550149e-10
455.620000  3.561298e-10
455.640000  3.572471e-10
455.660000  3.583672e-10
455.680000  3.594904e-10
455.700000  3.606168e-10
455.720000  3.617468e-10
455.740000  3.628806e-10
455.760000  3.640185e-10
455.780000  3.651607e-10
455.800000  3.663074e-10
455.820000  3.674589e-10
455.840000  3.686154e-10
455.860000  3.697771e-10
455.880000  3.709442e-10
455.900000  3.721170e-10
455.920000  3.732955e-10
455.940000  3.744801e-10
455.960000  3.756708e-10
455.980000  3.768679e-10
456.000000  3.780716e-10
456.020000  3.792819e-10
456.040000  3.804990e-10
456.060000  3.817231e-10
456.080000  3.829543e-10
456.100000  3.841928e-10
456.120000  3.854386e-10
456.140000  3.866918e-10
456.160000  3.879526e-10
456.180000  3.892211e-10
456.200000  3.904973e-10
456.220000  3.917813e-10
456.240000  3.930731e-10
456.260000  3.943729e-10
456.280000  3.956807e-10
456.300000  3.969965e-10
456.320000  3.983203e-10
456.340000  3.996522e-10
456.360000  4.009921e-10
456.380000  4.023400e-10
456.400000  4.036960e-10
456.420000  4.050600e-10
456.440000  4.064320e-10
456.460000  4.078120e-10
456.480000  4.091998e-10
456.500000  4.105955e-10
456.520000  4.119989e-10
456.540000  4.134101e-10
456.560000  4.148289e-10
456.580000  4.162551e-10
456.600000  4.176888e-10
456.620000  4.191298e-10
456.640000  4.205780e-10
456.660000  4.220333e-10
456.680000  4.234954e-10
456.700000  4.249643e-10
456.720000  4.264399e-10
456.740000  4.279219e-10
456.760000  4.294102e-10
456.780000  4.309046e-10
456.800000  4.324050e-10
456.820000  4.339112e-10
456.840000  4.354230e-10
456.860000  4.369401e-10
456.880000  4.384624e-10
456.900000  4.399898e-10
456.920000  4.415219e-10
456.940000  4.430585e-10
456.960000  4.445995e-10
456.980000  4.461446e-10
457.000000  4.476935e-10
457.020000  4.492460e-10
457.040000  4.508018e-10
457.060000  4.523608e-10
457.080000  4.539225e-10
457.100000  4.554868e-10
457.120000  4.570533e-10
457.140000  4.586219e-10
457.160000  4.601921e-10
457.180000  4.617638e-10
457.200000  4.633365e-10
457.220000  4.649101e-10
457.240000  4.664842e-10
457.260000  4.680585e-10
457.280000  4.696327e-10
457.300000  4.712065e-10
457.320000  4.727795e-10
457.340000  4.743515e-10
457.360000  4.759220e-10
457.380000  4.774908e-10
457.400000  4.790576e-10
457.420000  4.806219e-10
457.440000  4.821834e-10
457.460000  4.837419e-10
457.480000  4.852968e-10
457.500000  4.868470e-10
457.520000  4.883930e-10
457.540000  4.899344e-10
457.560000  4.914710e-10
457.580000  4.930023e-10
457.600000  4.945279e-10
457.620000  4.960475e-10
457.640000  4.975608e-10
457.660000  4.990672e-10
457.680000  5.005665e-10
457.700000  5.020582e-10
457.720000  5.035421e-10
457.740000  5.050176e-10
457.760000  5.064843e-10
457.780000  5.079420e-10
457.800000  5.093902e-10
457.820000  5.108285e-10
457.840000  5.122565e-10
457.860000  5.136738e-10
457.880000  5.150800e-10
457.900000  5.164747e-10
457.920000  5.178575e-10
457.940000  5.192280e-10
457.960000  5.205857e-10
457.980000  5.219304e-10
458.000000  5.232615e-10
458.020000  5.245786e-10
458.040000  5.258815e-10
458.060000  5.271695e-10
458.080000  5.284424e-10
458.100000  5.296996e-10
458.120000  5.309409e-10
458.140000  5.321657e-10
458.160000  5.333737e-10
458.180000  5.345645e-10
458.200000  5.357376e-10
458.220000  5.368926e-10
458.240000  5.380292e-10
458.260000  5.391468e-10
458.280000  5.402452e-10
458.300000  5.413239e-10
458.320000  5.423824e-10
458.340000  5.434204e-10
458.360000  5.444375e-10
458.380000  5.454334e-10
458.400000  5.464075e-10
458.420000  5.473595e-10
458.440000  5.482891e-10
458.460000  5.491958e-10
458.480000  5.500792e-10
458.500000  5.509391e-10
458.520000  5.517749e-10
458.540000  5.525864e-10
458.560000  5.533731e-10
458.580000  5.541348e-10
458.600000  5.548710e-10
458.620000  5.555814e-10
458.640000  5.562657e-10
458.660000  5.569235e-10
458.680000  5.575545e-10
458.700000  5.581583e-10
458.720000  5.587346e-10
458.740000  5.592832e-10
458.760000  5.598031e-10
458.780000  5.602946e-10
458.800000  5.607574e-10
458.820000  5.611912e-10
458.840000  5.615957e-10
458.860000  5.619706e-10
458.880000  5.623157e-10
458.900000  5.626306e-10
458.920000  5.629152e-10
458.940000  5.631693e-10
458.960000  5.633925e-10
458.980000  5.635846e-10
459.000000  5.637456e-10
459.020000  5.638751e-10
459.040000  5.639730e-10
459.060000  5.640392e-10
459.080000  5.640734e-10
459.100000  5.640755e-10
459.120000  5.640454e-10
459.140000  5.639829e-10
459.160000  5.638880e-10
459.180000  5.637606e-10
459.200000  5.636005e-10
459.220000  5.634076e-10
459.240000  5.631821e-10
459.260000  5.629237e-10
459.280000  5.626324e-10
459.300000  5.623083e-10
459.320000  5.619513e-10
459.340000  5.615615e-10
459.360000  5.611388e-10
459.380000  5.606833e-10
459.400000  5.601950e-10
459.420000  5.596740e-10
459.440000  5.591204e-10
459.460000  5.585342e-10
459.480000  5.579156e-10
459.500000  5.572646e-10
459.520000  5.565814e-10
459.540000  5.558662e-10
459.560000  5.551189e-10
459.580000  5.543400e-10
459.600000  5.535294e-10
459.620000  5.526874e-10
459.640000  5.518142e-10
459.660000  5.509100e-10
459.680000  5.499750e-10
459.700000  5.490095e-10
459.720000  5.480138e-10
459.740000  5.469880e-10
459.760000  5.459325e-10
459.780000  5.448475e-10
459.800000  5.437334e-10
459.820000  5.425905e-10
459.840000  5.414191e-10
459.860000  5.402195e-10
459.880000  5.389920e-10
459.900000  5.377370e-10
459.920000  5.364548e-10
459.940000  5.351459e-10
459.960000  5.338105e-10
459.980000  5.324491e-10
460.000000  5.310620e-10
460.020000  5.296497e-10
460.040000  5.282125e-10
460.060000  5.267509e-10
460.080000  5.252653e-10
460.100000  5.237560e-10
460.120000  5.222236e-10
460.140000  5.206685e-10
460.160000  5.190911e-10
460.180000  5.174919e-10
460.200000  5.158712e-10
460.220000  5.142297e-10
460.240000  5.125676e-10
460.260000  5.108856e-10
460.280000  5.091839e-10
460.300000  5.074632e-10
460.320000  5.057239e-10
460.340000  5.039664e-10
460.360000  5.021912e-10
460.380000  5.003988e-10
460.400000  4.985897e-10
460.420000  4.967643e-10
460.440000  4.949232e-10
460.460000  4.930667e-10
460.480000  4.911953e-10
460.500000  4.893096e-10
460.520000  4.874100e-10
460.540000  4.854970e-10
460.560000  4.835710e-10
460.580000  4.816325e-10
460.600000  4.796819e-10
460.620000  4.777198e-10
460.640000  4.757465e-10
460.660000  4.737626e-10
460.680000  4.717684e-10
460.700000  4.697645e-10
460.720000  4.677513e-10
460.740000  4.657292e-10
460.760000  4.636987e-10
460.780000  4.616603e-10
460.800000  4.596144e-10
460.820000  4.575614e-10
460.840000  4.555017e-10
460.860000  4.534359e-10
460.880000  4.513644e-10
460.900000  4.492875e-10
460.920000  4.472057e-10
460.940000  4.451194e-10
460.960000  4.430291e-10
460.980000  4.409351e-10
461.000000  4.388379e-10
461.020000  4.367379e-10
461.040000  4.346355e-10
461.060000  4.325311e-10
461.080000  4.304250e-10
461.100000  4.283178e-10
461.120000  4.262097e-10
461.140000  4.241012e-10
461.160000  4.219927e-10
461.180000  4.198845e-10
461.200000  4.177771e-10
461.220000  4.156708e-10
461.240000  4.135660e-10
461.260000  4.114630e-10
461.280000  4.093622e-10
461.300000  4.072641e-10
461.320000  4.051688e-10
461.340000  4.030768e-10
461.360000  4.009885e-10
461.380000  3.989010e-10
461.400000  3.968178e-10
461.420000  3.947393e-10
461.440000  3.926656e-10
461.460000  3.905972e-10
461.480000  3.885344e-10
461.500000  3.864775e-10
461.520000  3.844267e-10
461.540000  3.823824e-10
461.560000  3.803450e-10
461.580000  3.783147e-10
461.600000  3.762917e-10
461.620000  3.742766e-10
461.640000  3.722694e-10
461.660000  3.702706e-10
461.680000  3.682803e-10
461.700000  3.662990e-10
461.720000  3.643269e-10
461.740000  3.623642e-10
461.760000  3.604113e-10
461.780000  3.584683e-10
461.800000  3.565355e-10
461.820000  3.546132e-10
461.840000  3.527015e-10
461.860000  3.508008e-10
461.880000  3.489112e-10
461.900000  3.470329e-10
461.920000  3.451663e-10
461.940000  3.433120e-10
461.960000  3.414704e-10
461.980000  3.396421e-10
462.000000  3.378272e-10
462.020000  3.360258e-10
462.040000  3.342378e-10
462.060000  3.324633e-10
462.080000  3.307025e-10
462.100000  3.289554e-10
462.120000  3.272218e-10
462.140000  3.255008e-10
462.160000  3.237913e-10
462.180000  3.220929e-10
462.200000  3.204053e-10
462.220000  3.187291e-10
462.240000  3.170648e-10
462.260000  3.154127e-10
462.280000  3.137732e-10
462.300000  3.121468e-10
462.320000  3.105334e-10
462.340000  3.089335e-10
462.360000  3.073469e-10
462.380000  3.057738e-10
462.400000  3.042141e-10
462.420000  3.026677e-10
462.440000  3.011345e-10
462.460000  2.996145e-10
462.480000  2.981075e-10
462.500000  2.966133e-10
462.520000  2.951317e-10
462.540000  2.936626e-10
462.560000  2.922057e-10
462.580000  2.907607e-10
462.600000  2.893273e-10
462.620000  2.879052e-10
462.640000  2.864940e-10
462.660000  2.850933e-10
462.680000  2.837026e-10
462.700000  2.823215e-10
462.720000  2.809495e-10
462.740000  2.795859e-10
462.760000  2.782303e-10
462.780000  2.768820e-10
462.800000  2.755403e-10
462.820000  2.742045e-10
462.840000  2.728739e-10
462.860000  2.715477e-10
462.880000  2.702251e-10
462.900000  2.689052e-10
462.920000  2.675871e-10
462.940000  2.662700e-10
462.960000  2.649529e-10
462.980000  2.636347e-10
463.000000  2.623146e-10
463.020000  2.609914e-10
463.040000  2.596641e-10
463.060000  2.583317e-10
463.080000  2.569930e-10
463.100000  2.556471e-10
463.120000  2.542928e-10
463.140000  2.529290e-10
463.160000  2.515547e-10
463.180000  2.501689e-10
463.200000  2.487704e-10
463.220000  2.473584e-10
463.240000  2.459319e-10
463.260000  2.444899e-10
463.280000  2.430316e-10
463.300000  2.415562e-10
463.320000  2.400631e-10
463.340000  2.385514e-10
463.360000  2.370207e-10
463.380000  2.354705e-10
463.400000  2.339004e-10
463.420000  2.323101e-10
463.440000  2.306996e-10
463.460000  2.290686e-10
463.480000  2.274173e-10
463.500000  2.257460e-10
463.520000  2.240549e-10
463.540000  2.223446e-10
463.560000  2.206157e-10
463.580000  2.188689e-10
463.600000  2.171051e-10
463.620000  2.153255e-10
463.640000  2.135312e-10
463.660000  2.117236e-10
463.680000  2.099041e-10
463.700000  2.080744e-10
463.720000  2.062362e-10
463.740000  2.043913e-10
463.760000  2.025419e-10
463.780000  2.006898e-10
463.800000  1.988374e-10
463.820000  1.969868e-10
463.840000  1.951405e-10
463.860000  1.933008e-10
463.880000  1.914702e-10
463.900000  1.896512e-10
463.920000  1.878463e-10
467.600000  1.860581e-10
467.620000  1.842891e-10
467.640000  1.825419e-10
467.660000  1.808191e-10
467.680000  1.791230e-10
467.700000  1.774562e-10
467.720000  1.758211e-10
467.740000  1.742200e-10
467.760000  1.726551e-10
467.780000  1.711286e-10
467.800000  1.696425e-10
467.820000  1.681987e-10
467.840000  1.667991e-10
467.860000  1.654452e-10
467.880000  1.641387e-10
467.900000  1.628810e-10
467.920000  1.616731e-10
467.940000  1.605164e-10
467.960000  1.594117e-10
467.980000  1.583599e-10
468.000000  1.573616e-10
468.020000  1.564174e-10
468.040000  1.555276e-10
468.060000  1.546925e-10
468.080000  1.539123e-10
468.100000  1.531868e-10
468.120000  1.525159e-10
468.140000  1.518994e-10
468.160000  1.513368e-10
468.180000  1.508277e-10
468.200000  1.503713e-10
468.220000  1.499671e-10
468.240000  1.496142e-10
468.260000  1.493118e-10
468.280000  1.490588e-10
468.300000  1.488544e-10
468.320000  1.486974e-10
468.340000  1.485868e-10
468.360000  1.485214e-10
468.380000  1.484999e-10
468.400000  1.485213e-10
468.420000  1.485843e-10
468.440000  1.486875e-10
468.460000  1.488299e-10
468.480000  1.490102e-10
468.500000  1.492271e-10
468.520000  1.494795e-10
468.540000  1.497662e-10
468.560000  1.500860e-10
468.580000  1.504377e-10
468.600000  1.508204e-10
468.620000  1.512327e-10
468.640000  1.516738e-10
468.660000  1.521426e-10
468.680000  1.526380e-10
468.700000  1.531591e-10
468.720000  1.537050e-10
468.740000  1.542748e-10
468.760000  1.548675e-10
468.780000  1.554825e-10
468.800000  1.561189e-10
468.820000  1.567760e-10
468.840000  1.574532e-10
468.860000  1.581497e-10
468.880000  1.588651e-10
468.900000  1.595987e-10
468.920000  1.603502e-10
468.940000  1.611190e-10
468.960000  1.619048e-10
468.980000  1.627072e-10
469.000000  1.635259e-10
469.020000  1.643608e-10
469.040000  1.652117e-10
469.060000  1.660785e-10
469.080000  1.669611e-10
469.100000  1.678595e-10
469.120000  1.687738e-10
469.140000  1.697042e-10
469.160000  1.706509e-10
469.180000  1.716141e-10
469.200000  1.725944e-10
469.220000  1.735920e-10
469.240000  1.746075e-10
469.260000  1.756414e-10
469.280000  1.766945e-10
469.300000  1.777673e-10
469.320000  1.788605e-10
469.340000  1.799750e-10
469.360000  1.811115e-10
469.380000  1.822708e-10
469.400000  1.834537e-10
469.420000  1.846610e-10
469.440000  1.858936e-10
469.460000  1.871522e-10
469.480000  1.884376e-10
469.500000  1.897507e-10
469.520000  1.910919e-10
469.540000  1.924622e-10
469.560000  1.938619e-10
469.580000  1.952915e-10
469.600000  1.967514e-10
469.620000  1.982419e-10
469.640000  1.997628e-10
469.660000  2.013141e-10
469.680000  2.028957e-10
469.700000  2.045069e-10
469.720000  2.061473e-10
469.740000  2.078160e-10
469.760000  2.095120e-10
469.780000  2.112342e-10
469.800000  2.129812e-10
469.820000  2.147512e-10
469.840000  2.165426e-10
469.860000  2.183534e-10
469.880000  2.201815e-10
469.900000  2.220244e-10
469.920000  2.238798e-10
469.940000  2.257450e-10
469.960000  2.276173e-10
469.980000  2.294939e-10
470.000000  2.313723e-10
470.020000  2.332497e-10
470.040000  2.351238e-10
470.060000  2.369922e-10
470.080000  2.388530e-10
470.100000  2.407044e-10
470.120000  2.425451e-10
470.140000  2.443742e-10
470.160000  2.461915e-10
470.180000  2.479970e-10
470.200000  2.497916e-10
470.220000  2.515765e-10
470.240000  2.533534e-10
470.260000  2.551247e-10
470.280000  2.568927e-10
470.300000  2.586605e-10
470.320000  2.604313e-10
470.340000  2.622082e-10
470.360000  2.639946e-10
470.380000  2.657938e-10
470.400000  2.676090e-10
470.420000  2.694433e-10
470.440000  2.712994e-10
470.460000  2.731799e-10
470.480000  2.750871e-10
470.500000  2.770229e-10
470.520000  2.789888e-10
470.540000  2.809862e-10
470.560000  2.830159e-10
470.580000  2.850784e-10
470.600000  2.871741e-10
470.620000  2.893030e-10
470.640000  2.914648e-10
470.660000  2.936591e-10
470.680000  2.958851e-10
470.700000  2.981423e-10
470.720000  3.004296e-10
470.740000  3.027462e-10
470.760000  3.050913e-10
470.780000  3.074639e-10
470.800000  3.098632e-10
470.820000  3.122885e-10
470.840000  3.147394e-10
470.860000  3.172155e-10
470.880000  3.197166e-10
470.900000  3.222429e-10
470.920000  3.247945e-10
470.940000  3.273720e-10
470.960000  3.299761e-10
470.980000  3.326078e-10
471.000000  3.352683e-10
471.020000  3.379587e-10
471.040000  3.406806e-10
471.060000  3.434353e-10
471.080000  3.462242e-10
471.100000  3.490489e-10
471.120000  3.519108e-10
471.140000  3.548114e-10
471.160000  3.577523e-10
471.180000  3.607350e-10
471.200000  3.637608e-10
471.220000  3.668314e-10
471.240000  3.699481e-10
471.260000  3.731123e-10
471.280000  3.763253e-10
471.300000  3.795882e-10
471.320000  3.829022e-10
471.340000  3.862681e-10
471.360000  3.896868e-10
471.380000  3.931592e-10
471.400000  3.966861e-10
471.420000  4.002684e-10
471.440000  4.039067e-10
471.460000  4.076021e-10
471.480000  4.113554e-10
471.500000  4.151677e-10
471.520000  4.190401e-10
471.540000  4.229738e-10
471.560000  4.269701e-10
471.580000  4.310300e-10
471.600000  4.351550e-10
471.620000  4.393463e-10
471.640000  4.436050e-10
471.660000  4.479324e-10
471.680000  4.523295e-10
471.700000  4.567974e-10
471.720000  4.613374e-10
471.740000  4.659504e-10
471.760000  4.706376e-10
471.780000  4.754003e-10
471.800000  4.802396e-10
471.820000  4.851569e-10
471.840000  4.901536e-10
471.860000  4.952311e-10
471.880000  5.003911e-10
471.900000  5.056349e-10
471.920000  5.109642e-10
471.940000  5.163803e-10
471.960000  5.218847e-10
471.980000  5.274786e-10
472.000000  5.331631e-10
472.020000  5.389392e-10
472.040000  5.448079e-10
472.060000  5.507703e-10
472.080000  5.568270e-10
472.100000  5.629790e-10
472.120000  5.692271e-10
472.140000  5.755721e-10
472.160000  5.820151e-10
472.180000  5.885572e-10
472.200000  5.951996e-10
472.220000  6.019438e-10
472.240000  6.087912e-10
472.260000  6.157438e-10
472.280000  6.228033e-10
472.300000  6.299716e-10
472.320000  6.372508e-10
472.340000  6.446427e-10
472.360000  6.521494e-10
472.380000  6.597727e-10
472.400000  6.675147e-10
472.420000  6.753769e-10
472.440000  6.833613e-10
472.460000  6.914694e-10
472.480000  6.997028e-10
472.500000  7.080632e-10
472.520000  7.165521e-10
472.540000  7.251712e-10
472.560000  7.339222e-10
472.580000  7.428067e-10
472.600000  7.518266e-10
472.620000  7.609836e-10
472.640000  7.702794e-10
472.660000  7.797160e-10
472.680000  7.892952e-10
472.700000  7.990188e-10
472.720000  8.088888e-10
472.740000  8.189071e-10
472.760000  8.290755e-10
472.780000  8.393959e-10
472.800000  8.498704e-10
472.820000  8.605008e-10
472.840000  8.712891e-10
472.860000  8.822372e-10
472.880000  8.933471e-10
472.900000  9.046208e-10
472.920000  9.160603e-10
472.940000  9.276676e-10
472.960000  9.394449e-10
472.980000  9.513941e-10
473.000000  9.635173e-10
473.020000  9.758166e-10
473.040000  9.882941e-10
473.060000  1.000952e-09
473.080000  1.013792e-09
473.100000  1.026818e-09
473.120000  1.040030e-09
473.140000  1.053432e-09
473.160000  1.067025e-09
473.180000  1.080811e-09
473.200000  1.094795e-09
473.220000  1.108976e-09
473.240000  1.123359e-09
473.260000  1.137945e-09
473.280000  1.152737e-09
473.300000  1.167738e-09
473.320000  1.182949e-09
473.340000  1.198375e-09
473.360000  1.214017e-09
473.380000  1.229879e-09
473.400000  1.245963e-09
473.420000  1.262272e-09
473.440000  1.278809e-09
473.460000  1.295577e-09
473.480000  1.312579e-09
473.500000  1.329817e-09
473.520000  1.347296e-09
473.540000  1.365019e-09
473.560000  1.382987e-09
473.580000  1.401205e-09
473.600000  1.419675e-09
473.620000  1.438402e-09
473.640000  1.457387e-09
473.660000  1.476635e-09
473.680000  1.496148e-09
473.700000  1.515929e-09
473.720000  1.535982e-09
473.740000  1.556309e-09
473.760000  1.576914e-09
473.780000  1.597800e-09
473.800000  1.618970e-09
473.820000  1.640426e-09
473.840000  1.662170e-09
473.860000  1.684207e-09
473.880000  1.706539e-09
473.900000  1.729170e-09
473.920000  1.752100e-09
473.940000  1.775333e-09
473.960000  1.798871e-09
473.980000  1.822716e-09
474.000000  1.846872e-09
474.020000  1.871343e-09
474.040000  1.896130e-09
474.060000  1.921234e-09
474.080000  1.946656e-09
474.100000  1.972401e-09
474.120000  1.998472e-09
474.140000  2.024872e-09
474.160000  2.051604e-09
474.180000  2.078666e-09
474.200000  2.106062e-09
474.220000  2.133794e-09
474.240000  2.161866e-09
474.260000  2.190281e-09
474.280000  2.219039e-09
474.300000  2.248142e-09
474.320000  2.277591e-09
474.340000  2.307388e-09
474.360000  2.337536e-09
474.380000  2.368036e-09
474.400000  2.398891e-09
474.420000  2.430099e-09
474.440000  2.461663e-09
474.460000  2.493581e-09
474.480000  2.525856e-09
474.500000  2.558488e-09
474.520000  2.591478e-09
474.540000  2.624827e-09
474.560000  2.658533e-09
474.580000  2.692596e-09
474.600000  2.727015e-09
474.620000  2.761791e-09
474.640000  2.796922e-09
474.660000  2.832409e-09
474.680000  2.868251e-09
474.700000  2.904445e-09
474.720000  2.940991e-09
474.740000  2.977887e-09
474.760000  3.015131e-09
474.780000  3.052723e-09
474.800000  3.090659e-09
474.820000  3.128938e-09
474.840000  3.167558e-09
474.860000  3.206517e-09
474.880000  3.245811e-09
474.900000  3.285439e-09
474.920000  3.325397e-09
474.940000  3.365682e-09
474.960000  3.406290e-09
474.980000  3.447220e-09
475.000000  3.488466e-09
475.020000  3.530025e-09
475.040000  3.571893e-09
475.060000  3.614066e-09
475.080000  3.656541e-09
475.100000  3.699312e-09
475.120000  3.742375e-09
475.140000  3.785725e-09
475.160000  3.829359e-09
475.180000  3.873271e-09
475.200000  3.917455e-09
475.220000  3.961908e-09
475.240000  4.006623e-09
475.260000  4.051595e-09
475.280000  4.096820e-09
475.300000  4.142292e-09
475.320000  4.188005e-09
475.340000  4.233954e-09
475.360000  4.280134e-09
475.380000  4.326539e-09
475.400000  4.373164e-09
475.420000  4.420003e-09
475.440000  4.467050e-09
475.460000  4.514298e-09
475.480000  4.561743e-09
475.500000  4.609376e-09
475.520000  4.657193e-09
475.540000  4.705186e-09
475.560000  4.753352e-09
475.580000  4.801683e-09
475.600000  4.850174e-09
475.620000  4.898819e-09
475.640000  4.947613e-09
475.660000  4.996549e-09
475.680000  5.045623e-09
475.700000  5.094829e-09
475.720000  5.144160e-09
475.740000  5.193611e-09
475.760000  5.243176e-09
475.780000  5.292849e-09
475.800000  5.342626e-09
475.820000  5.392502e-09
475.840000  5.442472e-09
475.860000  5.492532e-09
475.880000  5.542677e-09
475.900000  5.592903e-09
475.920000  5.643206e-09
475.940000  5.693581e-09
475.960000  5.744024e-09
475.980000  5.794533e-09
476.000000  5.845102e-09
476.020000  5.895729e-09
476.040000  5.946411e-09
476.060000  5.997143e-09
476.080000  6.047924e-09
476.100000  6.098750e-09
476.120000  6.149618e-09
476.140000  6.200527e-09
476.160000  6.251474e-09
476.180000  6.302457e-09
476.200000  6.353475e-09
476.220000  6.404526e-09
476.240000  6.455610e-09
476.260000  6.506724e-09
476.280000  6.557870e-09
476.300000  6.609046e-09
476.320000  6.660252e-09
476.340000  6.711488e-09
476.360000  6.762755e-09
476.380000  6.814054e-09
476.400000  6.865385e-09
476.420000  6.916750e-09
476.440000  6.968149e-09
476.460000  7.019586e-09
476.480000  7.071062e-09
476.500000  7.122578e-09
476.520000  7.174138e-09
476.540000  7.225745e-09
476.560000  7.277402e-09
476.580000  7.329112e-09
476.600000  7.380879e-09
476.620000  7.432707e-09
476.640000  7.484601e-09
476.660000  7.536564e-09
476.680000  7.588602e-09
476.700000  7.640721e-09
476.720000  7.692924e-09
476.740000  7.745220e-09
476.760000  7.797612e-09
476.780000  7.850107e-09
476.800000  7.902712e-09
476.820000  7.955434e-09
476.840000  8.008280e-09
476.860000  8.061256e-09
476.880000  8.114370e-09
476.900000  8.167631e-09
476.920000  8.221045e-09
476.940000  8.274621e-09
476.960000  8.328367e-09
476.980000  8.382292e-09
477.000000  8.436404e-09
477.020000  8.490712e-09
477.040000  8.545225e-09
477.060000  8.599953e-09
477.080000  8.654904e-09
477.100000  8.710088e-09
477.120000  8.765515e-09
477.140000  8.821195e-09
477.160000  8.877137e-09
477.180000  8.933351e-09
477.200000  8.989849e-09
477.220000  9.046640e-09
477.240000  9.103735e-09
477.260000  9.161144e-09
477.280000  9.218878e-09
477.300000  9.276947e-09
477.320000  9.335363e-09
477.340000  9.394136e-09
477.360000  9.453277e-09
477.380000  9.512797e-09
477.400000  9.572708e-09
477.420000  9.633019e-09
477.440000  9.693743e-09
477.460000  9.754891e-09
477.480000  9.816473e-09
477.500000  9.878502e-09
477.520000  9.940988e-09
477.540000  1.000394e-08
477.560000  1.006738e-08
477.580000  1.013130e-08
477.600000  1.019573e-08
477.620000  1.026068e-08
477.640000  1.032615e-08
477.660000  1.039216e-08
477.680000  1.045871e-08
477.700000  1.052583e-08
477.720000  1.059351e-08
477.740000  1.066178e-08
477.760000  1.073065e-08
477.780000  1.080012e-08
477.800000  1.087021e-08
477.820000  1.094092e-08
477.840000  1.101228e-08
477.860000  1.108429e-08
477.880000  1.115696e-08
477.900000  1.123030e-08
477.920000  1.130433e-08
477.940000  1.137905e-08
477.960000  1.145448e-08
477.980000  1.153062e-08
478.000000  1.160749e-08
478.020000  1.168510e-08
478.040000  1.176345e-08
478.060000  1.184256e-08
478.080000  1.192244e-08
478.100000  1.200309e-08
478.120000  1.208453e-08
478.140000  1.216676e-08
478.160000  1.224980e-08
478.180000  1.233364e-08
478.200000  1.241830e-08
478.220000  1.250379e-08
478.240000  1.259011e-08
478.260000  1.267727e-08
478.280000  1.276527e-08
478.300000  1.285413e-08
478.320000  1.294383e-08
478.340000  1.303440e-08
478.360000  1.312583e-08
478.380000  1.321812e-08
478.400000  1.331127e-08
478.420000  1.340530e-08
478.440000  1.350018e-08
478.460000  1.359594e-08
478.480000  1.369256e-08
478.500000  1.379004e-08
478.520000  1.388838e-08
478.540000  1.398756e-08
478.560000  1.408760e-08
478.580000  1.418847e-08
478.600000  1.429018e-08
478.620000  1.439270e-08
478.640000  1.449603e-08
478.660000  1.460016e-08
478.680000  1.470508e-08
478.700000  1.481075e-08
478.720000  1.491718e-08
478.740000  1.502434e-08
478.760000  1.513221e-08
478.780000  1.524077e-08
478.800000  1.535000e-08
478.820000  1.545986e-08
478.840000  1.557034e-08
478.860000  1.568140e-08
478.880000  1.579302e-08
478.900000  1.590516e-08
478.920000  1.601779e-08
478.940000  1.613087e-08
478.960000  1.624437e-08
478.980000  1.635824e-08
479.000000  1.647244e-08
479.020000  1.658693e-08
479.040000  1.670167e-08
479.060000  1.681661e-08
479.080000  1.693169e-08
479.100000  1.704687e-08
479.120000  1.716209e-08
479.140000  1.727731e-08
479.160000  1.739246e-08
479.180000  1.750748e-08
479.200000  1.762233e-08
479.220000  1.773692e-08
479.240000  1.785121e-08
479.260000  1.796513e-08
479.280000  1.807861e-08
479.300000  1.819159e-08
479.320000  1.830399e-08
479.340000  1.841575e-08
479.360000  1.852679e-08
479.380000  1.863704e-08
479.400000  1.874644e-08
479.420000  1.885489e-08
479.440000  1.896234e-08
479.460000  1.906871e-08
479.480000  1.917390e-08
479.500000  1.927786e-08
479.520000  1.938051e-08
479.540000  1.948176e-08
479.560000  1.958153e-08
479.580000  1.967975e-08
479.600000  1.977635e-08
479.620000  1.987123e-08
479.640000  1.996434e-08
479.660000  2.005558e-08
479.680000  2.014488e-08
479.700000  2.023216e-08
479.720000  2.031736e-08
479.740000  2.040039e-08
479.760000  2.048119e-08
479.780000  2.055967e-08
479.800000  2.063578e-08
479.820000  2.070943e-08
479.840000  2.078057e-08
479.860000  2.084913e-08
479.880000  2.091504e-08
479.900000  2.097823e-08
479.920000  2.103866e-08
479.940000  2.109626e-08
479.960000  2.115097e-08
479.980000  2.120275e-08
480.000000  2.125154e-08
480.020000  2.129729e-08
480.040000  2.133996e-08
480.060000  2.137950e-08
480.080000  2.141588e-08
480.100000  2.144905e-08
480.120000  2.147898e-08
480.140000  2.150564e-08
480.160000  2.152900e-08
480.180000  2.154904e-08
480.200000  2.156573e-08
480.220000  2.157905e-08
480.240000  2.158899e-08
480.260000  2.159553e-08
480.280000  2.159866e-08
480.300000  2.159838e-08
480.320000  2.159469e-08
480.340000  2.158757e-08
480.360000  2.157704e-08
480.380000  2.156311e-08
480.400000  2.154577e-08
480.420000  2.152504e-08
480.440000  2.150094e-08
480.460000  2.147349e-08
480.480000  2.144270e-08
480.500000  2.140859e-08
480.520000  2.137121e-08
480.540000  2.133056e-08
480.560000  2.128670e-08
480.580000  2.123964e-08
480.600000  2.118943e-08
480.620000  2.113610e-08
480.640000  2.107971e-08
480.660000  2.102028e-08
480.680000  2.095787e-08
480.700000  2.089252e-08
480.720000  2.082428e-08
480.740000  2.075321e-08
480.760000  2.067936e-08
480.780000  2.060278e-08
480.800000  2.052352e-08
480.820000  2.044166e-08
480.840000  2.035724e-08
480.860000  2.027033e-08
480.880000  2.018100e-08
480.900000  2.008929e-08
480.920000  1.999529e-08
480.940000  1.989906e-08
480.960000  1.980065e-08
480.980000  1.970014e-08
481.000000  1.959759e-08
481.020000  1.949307e-08
481.040000  1.938665e-08
481.060000  1.927838e-08
481.080000  1.916835e-08
481.100000  1.905662e-08
481.120000  1.894325e-08
481.140000  1.882831e-08
481.160000  1.871186e-08
481.180000  1.859398e-08
481.200000  1.847473e-08
481.220000  1.835419e-08
481.240000  1.823242e-08
481.260000  1.810949e-08
481.280000  1.798547e-08
481.300000  1.786041e-08
481.320000  1.773437e-08
481.340000  1.760742e-08
481.360000  1.747962e-08
481.380000  1.735105e-08
481.400000  1.722177e-08
481.420000  1.709185e-08
481.440000  1.696137e-08
481.460000  1.683038e-08
481.480000  1.669894e-08
481.500000  1.656710e-08
481.520000  1.643493e-08
481.540000  1.630248e-08
481.560000  1.616981e-08
481.580000  1.603696e-08
481.600000  1.590400e-08
481.620000  1.577097e-08
481.640000  1.563793e-08
481.660000  1.550493e-08
481.680000  1.537203e-08
481.700000  1.523929e-08
481.720000  1.510677e-08
481.740000  1.497452e-08
481.760000  1.484257e-08
481.780000  1.471098e-08
481.800000  1.457978e-08
481.820000  1.444901e-08
481.840000  1.431871e-08
481.860000  1.418894e-08
481.880000  1.405975e-08
481.900000  1.393117e-08
481.920000  1.380326e-08
481.940000  1.367604e-08
481.960000  1.354955e-08
481.980000  1.342383e-08
482.000000  1.329891e-08
482.020000  1.317482e-08
482.040000  1.305160e-08
482.060000  1.292927e-08
482.080000  1.280788e-08
482.100000  1.268744e-08
482.120000  1.256799e-08
482.140000  1.244955e-08
482.160000  1.233213e-08
482.180000  1.221577e-08
482.200000  1.210049e-08
482.220000  1.198629e-08
482.240000  1.187320e-08
482.260000  1.176125e-08
482.280000  1.165043e-08
482.300000  1.154077e-08
482.320000  1.143228e-08
482.340000  1.132497e-08
482.360000  1.121885e-08
482.380000  1.111392e-08
482.400000  1.101020e-08
482.420000  1.090769e-08
482.440000  1.080640e-08
482.460000  1.070632e-08
482.480000  1.060745e-08
482.500000  1.050980e-08
482.520000  1.041337e-08
482.540000  1.031815e-08
482.560000  1.022413e-08
482.580000  1.013132e-08
482.600000  1.003970e-08
482.620000  9.949268e-09
482.640000  9.860017e-09
482.660000  9.771938e-09
482.680000  9.685022e-09
482.700000  9.599259e-09
482.720000  9.514642e-09
482.740000  9.431159e-09
482.760000  9.348800e-09
482.780000  9.267555e-09
482.800000  9.187412e-09
482.820000  9.108361e-09
482.840000  9.030389e-09
482.860000  8.953486e-09
482.880000  8.877638e-09
482.900000  8.802836e-09
482.920000  8.729068e-09
482.940000  8.656324e-09
482.960000  8.584593e-09
482.980000  8.513867e-09
483.000000  8.444135e-09
483.020000  8.375391e-09
483.040000  8.307625e-09
483.060000  8.240833e-09
483.080000  8.175006e-09
483.100000  8.110139e-09
483.120000  8.046227e-09
483.140000  7.983267e-09
483.160000  7.921253e-09
483.180000  7.860182e-09
483.200000  7.800053e-09
483.220000  7.740862e-09
483.240000  7.682608e-09
483.260000  7.625290e-09
483.280000  7.568906e-09
483.300000  7.513456e-09
483.320000  7.458940e-09
483.340000  7.405356e-09
483.360000  7.352706e-09
483.380000  7.300988e-09
483.400000  7.250203e-09
483.420000  7.200350e-09
483.440000  7.151428e-09
483.460000  7.103436e-09
483.480000  7.056372e-09
483.500000  7.010235e-09
483.520000  6.965022e-09
483.540000  6.920729e-09
483.560000  6.877352e-09
483.580000  6.834887e-09
483.600000  6.793327e-09
483.620000  6.752667e-09
483.640000  6.712898e-09
483.660000  6.674011e-09
483.680000  6.635998e-09
483.700000  6.598846e-09
483.720000  6.562545e-09
483.740000  6.527082e-09
483.760000  6.492442e-09
483.780000  6.458610e-09
483.800000  6.425572e-09
483.820000  6.393309e-09
483.840000  6.361803e-09
483.860000  6.331037e-09
483.880000  6.300990e-09
483.900000  6.271642e-09
483.920000  6.242972e-09
483.940000  6.214958e-09
483.960000  6.187578e-09
483.980000  6.160810e-09
484.000000  6.134629e-09
484.020000  6.109013e-09
484.040000  6.083939e-09
484.060000  6.059381e-09
484.080000  6.035318e-09
484.100000  6.011725e-09
484.120000  5.988579e-09
484.140000  5.965856e-09
484.160000  5.943534e-09
484.180000  5.921591e-09
484.200000  5.900003e-09
484.220000  5.878751e-09
484.240000  5.857814e-09
484.260000  5.837171e-09
484.280000  5.816804e-09
484.300000  5.796693e-09
484.320000  5.776822e-09
484.340000  5.757174e-09
484.360000  5.737733e-09
484.380000  5.718485e-09
484.400000  5.699416e-09
484.420000  5.680513e-09
484.440000  5.661764e-09
484.460000  5.643159e-09
484.480000  5.624687e-09
484.500000  5.606340e-09
484.520000  5.588111e-09
484.540000  5.569991e-09
484.560000  5.551976e-09
484.580000  5.534058e-09
484.600000  5.516235e-09
484.620000  5.498503e-09
484.640000  5.480858e-09
484.660000  5.463297e-09
484.680000  5.445821e-09
484.700000  5.428427e-09
484.720000  5.411114e-09
484.740000  5.393883e-09
484.760000  5.376734e-09
484.780000  5.359667e-09
484.800000  5.342684e-09
484.820000  5.325785e-09
484.840000  5.308973e-09
484.860000  5.292248e-09
484.880000  5.275613e-09
484.900000  5.259070e-09
484.920000  5.242619e-09
484.940000  5.226264e-09
484.960000  5.210006e-09
484.980000  5.193847e-09
485.000000  5.177790e-09
485.020000  5.161835e-09
485.040000  5.145984e-09
485.060000  5.130239e-09
485.080000  5.114602e-09
485.100000  5.099073e-09
485.120000  5.083655e-09
485.140000  5.068347e-09
485.160000  5.053151e-09
485.180000  5.038067e-09
485.200000  5.023096e-09
485.220000  5.008238e-09
485.240000  4.993492e-09
485.260000  4.978860e-09
485.280000  4.964340e-09
485.300000  4.949932e-09
485.320000  4.935634e-09
485.340000  4.921447e-09
485.360000  4.907369e-09
485.380000  4.893399e-09
485.400000  4.879534e-09
485.420000  4.865772e-09
485.440000  4.852113e-09
485.460000  4.838552e-09
485.480000  4.825088e-09
485.500000  4.811717e-09
485.520000  4.798435e-09
485.540000  4.785240e-09
485.560000  4.772127e-09
485.580000  4.759091e-09
485.600000  4.746129e-09
485.620000  4.733233e-09
485.640000  4.720400e-09
485.660000  4.707623e-09
485.680000  4.694896e-09
485.700000  4.682211e-09
485.720000  4.669561e-09
485.740000  4.656940e-09
485.760000  4.644338e-09
485.780000  4.631747e-09
485.800000  4.619159e-09
485.820000  4.606563e-09
485.840000  4.593950e-09
485.860000  4.581311e-09
485.880000  4.568635e-09
485.900000  4.555911e-09
485.920000  4.543129e-09
485.940000  4.530278e-09
485.960000  4.517346e-09
485.980000  4.504322e-09
486.000000  4.491195e-09
486.020000  4.477952e-09
486.040000  4.464581e-09
486.060000  4.451070e-09
486.080000  4.437406e-09
486.100000  4.423575e-09
486.120000  4.409563e-09
486.140000  4.395355e-09
486.160000  4.380936e-09
486.180000  4.366287e-09
486.200000  4.351393e-09
486.220000  4.336235e-09
486.240000  4.320793e-09
486.260000  4.305046e-09
486.280000  4.288973e-09
486.300000  4.272552e-09
486.320000  4.255759e-09
486.340000  4.238570e-09
486.360000  4.220959e-09
486.380000  4.202900e-09
486.400000  4.184368e-09
486.420000  4.165335e-09
486.440000  4.145774e-09
486.460000  4.125657e-09
486.480000  4.104957e-09
486.500000  4.083647e-09
486.520000  4.061700e-09
486.540000  4.039089e-09
486.560000  4.015789e-09
486.580000  3.991775e-09
486.600000  3.967023e-09
486.620000  3.941512e-09
486.640000  3.915221e-09
486.660000  3.888131e-09
486.680000  3.860226e-09
486.700000  3.831492e-09
486.720000  3.801915e-09
486.740000  3.771487e-09
486.760000  3.740201e-09
486.780000  3.708053e-09
486.800000  3.675043e-09
486.820000  3.641172e-09
486.840000  3.606446e-09
486.860000  3.570874e-09
486.880000  3.534468e-09
486.900000  3.497243e-09
486.920000  3.459218e-09
486.940000  3.420415e-09
486.960000  3.380860e-09
486.980000  3.340582e-09
487.000000  3.299613e-09
487.020000  3.257989e-09
487.040000  3.215749e-09
487.060000  3.172935e-09
487.080000  3.129591e-09
487.100000  3.085766e-09
487.120000  3.041508e-09
487.140000  2.996871e-09
487.160000  2.951908e-09
487.180000  2.906676e-09
487.200000  2.861232e-09
487.220000  2.815637e-09
487.240000  2.769949e-09
487.260000  2.724232e-09
487.280000  2.678546e-09
487.300000  2.632953e-09
487.320000  2.587517e-09
487.340000  2.542297e-09
487.360000  2.497357e-09
487.380000  2.452755e-09
487.400000  2.408550e-09
487.420000  2.364801e-09
487.440000  2.321562e-09
487.460000  2.278887e-09
487.480000  2.236826e-09
487.500000  2.195429e-09
487.520000  2.154741e-09
487.540000  2.114804e-09
487.560000  2.075659e-09
487.580000  2.037343e-09
487.600000  1.999889e-09
487.620000  1.963328e-09
487.640000  1.927686e-09
487.660000  1.892988e-09
487.680000  1.859254e-09
487.700000  1.826501e-09
487.720000  1.794742e-09
487.740000  1.763989e-09
487.760000  1.734248e-09
487.780000  1.705522e-09
487.800000  1.677813e-09
487.820000  1.651119e-09
487.840000  1.625435e-09
487.860000  1.600752e-09
487.880000  1.577061e-09
487.900000  1.554349e-09
487.920000  1.532602e-09
487.940000  1.511803e-09
487.960000  1.491934e-09
487.980000  1.472977e-09
488.000000  1.454909e-09
488.020000  1.437710e-09
488.040000  1.421357e-09
488.060000  1.405825e-09
488.080000  1.391091e-09
488.100000  1.377131e-09
488.120000  1.363919e-09
488.140000  1.351431e-09
488.160000  1.339640e-09
488.180000  1.328522e-09
488.200000  1.318050e-09
488.220000  1.308200e-09
488.240000  1.298946e-09
488.260000  1.290264e-09
488.280000  1.282130e-09
488.300000  1.274518e-09
488.320000  1.267406e-09
488.340000  1.260771e-09
488.360000  1.254590e-09
488.380000  1.248844e-09
488.400000  1.243510e-09
488.420000  1.238569e-09
488.440000  1.234002e-09
488.460000  1.229790e-09
488.480000  1.225916e-09
488.500000  1.222363e-09
488.520000  1.219115e-09
488.540000  1.216156e-09
488.560000  1.213473e-09
488.580000  1.211050e-09
488.600000  1.208875e-09
488.620000  1.206936e-09
488.640000  1.205219e-09
488.660000  1.203715e-09
488.680000  1.202412e-09
488.700000  1.201300e-09
488.720000  1.200370e-09
488.740000  1.199612e-09
488.760000  1.199019e-09
488.780000  1.198582e-09
488.800000  1.198293e-09
488.820000  1.198146e-09
488.840000  1.198133e-09
488.860000  1.198249e-09
488.880000  1.198487e-09
488.900000  1.198841e-09
488.920000  1.199307e-09
488.940000  1.199879e-09
488.960000  1.200553e-09
488.980000  1.201323e-09
489.000000  1.202187e-09
489.020000  1.203139e-09
489.040000  1.204176e-09
489.060000  1.205295e-09
489.080000  1.206492e-09
489.100000  1.207764e-09
489.120000  1.209108e-09
489.140000  1.210521e-09
489.160000  1.212001e-09
489.180000  1.213545e-09
489.200000  1.215151e-09
489.220000  1.216816e-09
489.240000  1.218539e-09
489.260000  1.220317e-09
489.280000  1.222149e-09
489.300000  1.224033e-09
489.320000  1.225967e-09
489.340000  1.227949e-09
489.360000  1.229979e-09
489.380000  1.232054e-09
489.400000  1.234173e-09
489.420000  1.236335e-09
489.440000  1.238539e-09
489.460000  1.240783e-09
489.480000  1.243067e-09
489.500000  1.245388e-09
489.520000  1.247746e-09
489.540000  1.250139e-09
489.560000  1.252567e-09
489.580000  1.255028e-09
489.600000  1.257521e-09
489.620000  1.260045e-09
489.640000  1.262598e-09
489.660000  1.265179e-09
489.680000  1.267788e-09
489.700000  1.270424e-09
489.720000  1.273085e-09
489.740000  1.275769e-09
489.760000  1.278475e-09
489.780000  1.281203e-09
489.800000  1.283952e-09
489.820000  1.286722e-09
489.840000  1.289511e-09
489.860000  1.292317e-09
489.880000  1.295138e-09
489.900000  1.297975e-09
489.920000  1.300828e-09
489.940000  1.303698e-09
489.960000  1.306582e-09
489.980000  1.309480e-09
490.000000  1.312388e-09
490.020000  1.315309e-09
490.040000  1.318243e-09
490.060000  1.321189e-09
490.080000  1.324148e-09
490.100000  1.327116e-09
490.120000  1.330095e-09
490.140000  1.333083e-09
490.160000  1.336080e-09
490.180000  1.339088e-09
490.200000  1.342105e-09
490.220000  1.345130e-09
490.240000  1.348163e-09
490.260000  1.351201e-09
490.280000  1.354246e-09
490.300000  1.357296e-09
490.320000  1.360352e-09
490.340000  1.363412e-09
490.360000  1.366475e-09
490.380000  1.369540e-09
490.400000  1.372606e-09
490.420000  1.375671e-09
490.440000  1.378736e-09
490.460000  1.381800e-09
490.480000  1.384862e-09
490.500000  1.387919e-09
490.520000  1.390972e-09
490.540000  1.394018e-09
490.560000  1.397057e-09
490.580000  1.400088e-09
490.600000  1.403109e-09
490.620000  1.406120e-09
490.640000  1.409118e-09
490.660000  1.412104e-09
490.680000  1.415075e-09
490.700000  1.418030e-09
490.720000  1.420968e-09
490.740000  1.423888e-09
490.760000  1.426788e-09
490.780000  1.429665e-09
490.800000  1.432520e-09
490.820000  1.435350e-09
490.840000  1.438154e-09
490.860000  1.440930e-09
490.880000  1.443676e-09
490.900000  1.446391e-09
490.920000  1.449074e-09
490.940000  1.451723e-09
490.960000  1.454336e-09
490.980000  1.456911e-09
491.000000  1.459448e-09
491.020000  1.461944e-09
491.040000  1.464398e-09
491.060000  1.466808e-09
491.080000  1.469173e-09
491.100000  1.471492e-09
491.120000  1.473764e-09
491.140000  1.475987e-09
491.160000  1.478161e-09
491.180000  1.480284e-09
491.200000  1.482355e-09
491.220000  1.484375e-09
491.240000  1.486341e-09
491.260000  1.488252e-09
491.280000  1.490108e-09
491.300000  1.491906e-09
491.320000  1.493647e-09
491.340000  1.495330e-09
491.360000  1.496954e-09
491.380000  1.498520e-09
491.400000  1.500026e-09
491.420000  1.501473e-09
491.440000  1.502862e-09
491.460000  1.504191e-09
491.480000  1.505462e-09
491.500000  1.506675e-09
491.520000  1.507830e-09
491.540000  1.508926e-09
491.560000  1.509965e-09
491.580000  1.510946e-09
491.600000  1.511871e-09
491.620000  1.512742e-09
491.640000  1.513559e-09
491.660000  1.514323e-09
491.680000  1.515037e-09
491.700000  1.515702e-09
491.720000  1.516319e-09
491.740000  1.516891e-09
491.760000  1.517418e-09
491.780000  1.517904e-09
491.800000  1.518349e-09
491.820000  1.518756e-09
491.840000  1.519127e-09
491.860000  1.519464e-09
491.880000  1.519769e-09
491.900000  1.520044e-09
491.920000  1.520291e-09
491.940000  1.520513e-09
491.960000  1.520711e-09
491.980000  1.520890e-09
492.000000  1.521050e-09
492.020000  1.521194e-09
492.040000  1.521326e-09
492.060000  1.521446e-09
492.080000  1.521559e-09
492.100000  1.521667e-09
492.120000  1.521772e-09
492.140000  1.521877e-09
492.160000  1.521985e-09
492.180000  1.522097e-09
492.200000  1.522218e-09
492.220000  1.522348e-09
492.240000  1.522492e-09
492.260000  1.522651e-09
492.280000  1.522828e-09
492.300000  1.523026e-09
492.320000  1.523246e-09
492.340000  1.523491e-09
492.360000  1.523765e-09
492.380000  1.524068e-09
492.400000  1.524404e-09
492.420000  1.524774e-09
492.440000  1.525182e-09
492.460000  1.525629e-09
492.480000  1.526117e-09
492.500000  1.526649e-09
492.520000  1.527227e-09
492.540000  1.527852e-09
492.560000  1.528527e-09
492.580000  1.529254e-09
492.600000  1.530034e-09
492.620000  1.530870e-09
492.640000  1.531762e-09
492.660000  1.532713e-09
492.680000  1.533725e-09
492.700000  1.534798e-09
492.720000  1.535935e-09
492.740000  1.537136e-09
492.760000  1.538403e-09
492.780000  1.539737e-09
492.800000  1.541140e-09
492.820000  1.542611e-09
492.840000  1.544153e-09
492.860000  1.545765e-09
492.880000  1.547450e-09
492.900000  1.549207e-09
492.920000  1.551037e-09
492.940000  1.552941e-09
492.960000  1.554918e-09
492.980000  1.556971e-09
493.000000  1.559098e-09
493.020000  1.561300e-09
493.040000  1.563578e-09
493.060000  1.565931e-09
493.080000  1.568360e-09
493.100000  1.570864e-09
493.120000  1.573443e-09
493.140000  1.576097e-09
493.160000  1.578825e-09
493.180000  1.581627e-09
493.200000  1.584503e-09
493.220000  1.587452e-09
493.240000  1.590472e-09
493.260000  1.593564e-09
493.280000  1.596727e-09
493.300000  1.599959e-09
493.320000  1.603260e-09
493.340000  1.606629e-09
493.360000  1.610065e-09
493.380000  1.613566e-09
493.400000  1.617131e-09
493.420000  1.620760e-09
493.440000  1.624450e-09
493.460000  1.628201e-09
493.480000  1.632011e-09
493.500000  1.635878e-09
493.520000  1.639803e-09
493.540000  1.643782e-09
493.560000  1.647815e-09
493.580000  1.651901e-09
493.600000  1.656037e-09
493.620000  1.660223e-09
493.640000  1.664458e-09
493.660000  1.668740e-09
493.680000  1.673067e-09
493.700000  1.677439e-09
493.720000  1.681855e-09
493.740000  1.686313e-09
493.760000  1.690812e-09
493.780000  1.695352e-09
493.800000  1.699932e-09
493.820000  1.704551e-09
493.840000  1.709208e-09
493.860000  1.713904e-09
493.880000  1.718637e-09
493.900000  1.723408e-09
493.920000  1.728217e-09
493.940000  1.733065e-09
493.960000  1.737951e-09
493.980000  1.742877e-09
494.000000  1.747844e-09
494.020000  1.752852e-09
494.040000  1.757903e-09
494.060000  1.762999e-09
494.080000  1.768142e-09
494.100000  1.773333e-09
494.120000  1.778575e-09
494.140000  1.783871e-09
494.160000  1.789224e-09
494.180000  1.794636e-09
494.200000  1.800113e-09
494.220000  1.805657e-09
494.240000  1.811273e-09
494.260000  1.816965e-09
494.280000  1.822738e-09
494.300000  1.828598e-09
494.320000  1.834550e-09
494.340000  1.840599e-09
494.360000  1.846753e-09
494.380000  1.853017e-09
494.400000  1.859398e-09
494.420000  1.865905e-09
494.440000  1.872543e-09
494.460000  1.879322e-09
494.480000  1.886248e-09
494.500000  1.893332e-09
494.520000  1.900582e-09
494.540000  1.908007e-09
494.560000  1.915616e-09
494.580000  1.923420e-09
494.600000  1.931429e-09
494.620000  1.939652e-09
494.640000  1.948102e-09
494.660000  1.956789e-09
494.680000  1.965725e-09
494.700000  1.974920e-09
494.720000  1.984388e-09
494.740000  1.994140e-09
494.760000  2.004190e-09
494.780000  2.014549e-09
494.800000  2.025231e-09
494.820000  2.036249e-09
494.840000  2.047618e-09
494.860000  2.059350e-09
494.880000  2.071460e-09
494.900000  2.083962e-09
494.920000  2.096871e-09
494.940000  2.110202e-09
494.960000  2.123970e-09
494.980000  2.138191e-09
495.000000  2.152880e-09
495.020000  2.168053e-09
495.040000  2.183726e-09
495.060000  2.199916e-09
495.080000  2.216640e-09
495.100000  2.233914e-09
495.120000  2.251757e-09
495.140000  2.270186e-09
495.160000  2.289218e-09
495.180000  2.308873e-09
495.200000  2.329168e-09
495.220000  2.350124e-09
495.240000  2.371758e-09
495.260000  2.394092e-09
495.280000  2.417145e-09
495.300000  2.440937e-09
495.320000  2.465491e-09
495.340000  2.490827e-09
495.360000  2.516966e-09
495.380000  2.543932e-09
495.400000  2.571747e-09
495.420000  2.600435e-09
495.440000  2.630019e-09
495.460000  2.660524e-09
495.480000  2.691974e-09
495.500000  2.724395e-09
495.520000  2.757812e-09
495.540000  2.792253e-09
495.560000  2.827744e-09
495.580000  2.864314e-09
495.600000  2.901990e-09
495.620000  2.940801e-09
495.640000  2.980777e-09
495.660000  3.021947e-09
495.680000  3.064344e-09
495.700000  3.107997e-09
495.720000  3.152939e-09
495.740000  3.199203e-09
495.760000  3.246822e-09
495.780000  3.295829e-09
495.800000  3.346259e-09
495.820000  3.398147e-09
495.840000  3.451528e-09
495.860000  3.506439e-09
495.880000  3.562916e-09
495.900000  3.620995e-09
495.920000  3.680716e-09
495.940000  3.742115e-09
495.960000  3.805232e-09
495.980000  3.870105e-09
496.000000  3.936772e-09
496.020000  4.005274e-09
496.040000  4.075651e-09
496.060000  4.147942e-09
496.080000  4.222187e-09
496.100000  4.298427e-09
496.120000  4.376702e-09
496.140000  4.457053e-09
496.160000  4.539518e-09
496.180000  4.624140e-09
496.200000  4.710957e-09
496.220000  4.800008e-09
496.240000  4.891334e-09
496.260000  4.984973e-09
496.280000  5.080963e-09
496.300000  5.179342e-09
496.320000  5.280147e-09
496.340000  5.383413e-09
496.360000  5.489177e-09
496.380000  5.597471e-09
496.400000  5.708330e-09
496.420000  5.821783e-09
496.440000  5.937863e-09
496.460000  6.056598e-09
496.480000  6.178014e-09
496.500000  6.302137e-09
496.520000  6.428991e-09
496.540000  6.558598e-09
496.560000  6.690976e-09
496.580000  6.826143e-09
496.600000  6.964114e-09
496.620000  7.104901e-09
496.640000  7.248515e-09
496.660000  7.394963e-09
496.680000  7.544249e-09
496.700000  7.696375e-09
496.720000  7.851339e-09
496.740000  8.009137e-09
496.760000  8.169757e-09
496.780000  8.333185e-09
496.800000  8.499402e-09
496.820000  8.668384e-09
496.840000  8.840105e-09
496.860000  9.014535e-09
496.880000  9.191640e-09
496.900000  9.371377e-09
496.920000  9.553700e-09
496.940000  9.738555e-09
496.960000  9.925885e-09
496.980000  1.011563e-08
497.000000  1.030772e-08
497.020000  1.050209e-08
497.040000  1.069867e-08
497.060000  1.089737e-08
497.080000  1.109811e-08
497.100000  1.130077e-08
497.120000  1.150525e-08
497.140000  1.171145e-08
497.160000  1.191924e-08
497.180000  1.212852e-08
497.200000  1.233918e-08
497.220000  1.255108e-08
497.240000  1.276408e-08
497.260000  1.297805e-08
497.280000  1.319284e-08
497.300000  1.340828e-08
497.320000  1.362420e-08
497.340000  1.384045e-08
497.360000  1.405685e-08
497.380000  1.427322e-08
497.400000  1.448936e-08
497.420000  1.470509e-08
497.440000  1.492021e-08
497.460000  1.513453e-08
497.480000  1.534785e-08
497.500000  1.555997e-08
497.520000  1.577068e-08
497.540000  1.597977e-08
497.560000  1.618703e-08
497.580000  1.639221e-08
497.600000  1.659510e-08
497.620000  1.679545e-08
497.640000  1.699306e-08
497.660000  1.718769e-08
497.680000  1.737913e-08
497.700000  1.756716e-08
497.720000  1.775154e-08
497.740000  1.793205e-08
497.760000  1.810846e-08
497.780000  1.828055e-08
497.800000  1.844809e-08
497.820000  1.861088e-08
497.840000  1.876870e-08
497.860000  1.892135e-08
497.880000  1.906862e-08
497.900000  1.921031e-08
497.920000  1.934623e-08
497.940000  1.947620e-08
497.960000  1.960005e-08
497.980000  1.971759e-08
498.000000  1.982868e-08
498.020000  1.993315e-08
498.040000  2.003086e-08
498.060000  2.012169e-08
498.080000  2.020551e-08
498.100000  2.028222e-08
498.120000  2.035170e-08
498.140000  2.041388e-08
498.160000  2.046869e-08
498.180000  2.051605e-08
498.200000  2.055592e-08
498.220000  2.058826e-08
498.240000  2.061306e-08
498.260000  2.063029e-08
498.280000  2.063996e-08
498.300000  2.064209e-08
498.320000  2.063672e-08
498.340000  2.062387e-08
498.360000  2.060362e-08
498.380000  2.057603e-08
498.400000  2.054119e-08
498.420000  2.049919e-08
498.440000  2.045015e-08
498.460000  2.039419e-08
498.480000  2.033145e-08
498.500000  2.026208e-08
498.520000  2.018624e-08
498.540000  2.010410e-08
498.560000  2.001585e-08
498.580000  1.992168e-08
498.600000  1.982181e-08
498.620000  1.971643e-08
498.640000  1.960577e-08
498.660000  1.949007e-08
498.680000  1.936956e-08
498.700000  1.924448e-08
498.720000  1.911509e-08
498.740000  1.898164e-08
498.760000  1.884440e-08
498.780000  1.870362e-08
498.800000  1.855959e-08
498.820000  1.841257e-08
498.840000  1.826283e-08
498.860000  1.811065e-08
498.880000  1.795631e-08
498.900000  1.780008e-08
498.920000  1.764223e-08
498.940000  1.748304e-08
498.960000  1.732278e-08
498.980000  1.716172e-08
499.000000  1.700011e-08
499.020000  1.683821e-08
499.040000  1.667629e-08
499.060000  1.651459e-08
499.080000  1.635335e-08
499.100000  1.619280e-08
499.120000  1.603318e-08
499.140000  1.587471e-08
499.160000  1.571759e-08
499.180000  1.556204e-08
499.200000  1.540824e-08
499.220000  1.525639e-08
499.240000  1.510666e-08
499.260000  1.495922e-08
499.280000  1.481422e-08
499.300000  1.467181e-08
499.320000  1.453213e-08
499.340000  1.439531e-08
499.360000  1.426145e-08
499.380000  1.413067e-08
499.400000  1.400305e-08
499.420000  1.387869e-08
499.440000  1.375766e-08
499.460000  1.364001e-08
499.480000  1.352580e-08
499.500000  1.341507e-08
499.520000  1.330787e-08
499.540000  1.320420e-08
499.560000  1.310408e-08
499.580000  1.300752e-08
499.600000  1.291452e-08
499.620000  1.282505e-08
499.640000  1.273911e-08
499.660000  1.265666e-08
499.680000  1.257766e-08
499.700000  1.250208e-08
499.720000  1.242986e-08
499.740000  1.236094e-08
499.760000  1.229528e-08
499.780000  1.223279e-08
499.800000  1.217341e-08
499.820000  1.211706e-08
499.840000  1.206366e-08
499.860000  1.201314e-08
499.880000  1.196540e-08
499.900000  1.192035e-08
499.920000  1.187790e-08
499.940000  1.183797e-08
499.960000  1.180045e-08
499.980000  1.176526e-08
500.000000  1.173229e-08
500.020000  1.170145e-08
500.040000  1.167266e-08
500.060000  1.164580e-08
500.080000  1.162080e-08
500.100000  1.159756e-08
500.120000  1.157598e-08
500.140000  1.155599e-08
500.160000  1.153749e-08
500.180000  1.152041e-08
500.200000  1.150466e-08
500.220000  1.149017e-08
500.240000  1.147685e-08
500.260000  1.146465e-08
500.280000  1.145350e-08
500.300000  1.144332e-08
500.320000  1.143407e-08
500.340000  1.142568e-08
500.360000  1.141810e-08
500.380000  1.141130e-08
500.400000  1.140521e-08
500.420000  1.139980e-08
500.440000  1.139504e-08
500.460000  1.139089e-08
500.480000  1.138733e-08
500.500000  1.138433e-08
500.520000  1.138187e-08
500.540000  1.137993e-08
500.560000  1.137850e-08
500.580000  1.137757e-08
500.600000  1.137714e-08
500.620000  1.137719e-08
500.640000  1.137773e-08
500.660000  1.137877e-08
500.680000  1.138030e-08
500.700000  1.138233e-08
500.720000  1.138487e-08
500.740000  1.138795e-08
500.760000  1.139156e-08
500.780000  1.139573e-08
500.800000  1.140048e-08
500.820000  1.140582e-08
500.840000  1.141178e-08
500.860000  1.141838e-08
500.880000  1.142565e-08
500.900000  1.143360e-08
500.920000  1.144227e-08
500.940000  1.145169e-08
500.960000  1.146187e-08
500.980000  1.147286e-08
501.000000  1.148469e-08
501.020000  1.149737e-08
501.040000  1.151095e-08
501.060000  1.152546e-08
501.080000  1.154093e-08
501.100000  1.155739e-08
501.120000  1.157488e-08
501.140000  1.159343e-08
501.160000  1.161309e-08
501.180000  1.163387e-08
501.200000  1.165584e-08
501.220000  1.167901e-08
501.240000  1.170343e-08
501.260000  1.172914e-08
501.280000  1.175618e-08
501.300000  1.178460e-08
501.320000  1.181443e-08
501.340000  1.184572e-08
501.360000  1.187851e-08
501.380000  1.191285e-08
501.400000  1.194880e-08
501.420000  1.198639e-08
501.440000  1.202568e-08
501.460000  1.206672e-08
501.480000  1.210956e-08
501.500000  1.215426e-08
501.520000  1.220088e-08
501.540000  1.224947e-08
501.560000  1.230010e-08
501.580000  1.235282e-08
501.600000  1.240770e-08
501.620000  1.246480e-08
501.640000  1.252420e-08
501.660000  1.258595e-08
501.680000  1.265013e-08
501.700000  1.271681e-08
501.720000  1.278607e-08
501.740000  1.285797e-08
501.760000  1.293261e-08
501.780000  1.301005e-08
501.800000  1.309037e-08
501.820000  1.317366e-08
501.840000  1.326001e-08
501.860000  1.334949e-08
501.880000  1.344220e-08
501.900000  1.353823e-08
501.920000  1.363766e-08
501.940000  1.374058e-08
501.960000  1.384711e-08
501.980000  1.395732e-08
502.000000  1.407132e-08
502.020000  1.418920e-08
502.040000  1.431108e-08
502.060000  1.443705e-08
502.080000  1.456722e-08
502.100000  1.470169e-08
502.120000  1.484058e-08
502.140000  1.498399e-08
502.160000  1.513205e-08
502.180000  1.528486e-08
502.200000  1.544255e-08
502.220000  1.560523e-08
502.240000  1.577302e-08
502.260000  1.594606e-08
502.280000  1.612445e-08
502.300000  1.630834e-08
502.320000  1.649785e-08
502.340000  1.669311e-08
502.360000  1.689426e-08
502.380000  1.710143e-08
502.400000  1.731477e-08
502.420000  1.753440e-08
502.440000  1.776047e-08
502.460000  1.799312e-08
502.480000  1.823250e-08
502.500000  1.847875e-08
502.520000  1.873201e-08
502.540000  1.899243e-08
502.560000  1.926016e-08
502.580000  1.953535e-08
502.600000  1.981814e-08
502.620000  2.010868e-08
502.640000  2.040712e-08
502.660000  2.071360e-08
502.680000  2.102827e-08
502.700000  2.135126e-08
502.720000  2.168273e-08
502.740000  2.202282e-08
502.760000  2.237165e-08
502.780000  2.272936e-08
502.800000  2.309609e-08
502.820000  2.347196e-08
502.840000  2.385709e-08
502.860000  2.425160e-08
502.880000  2.465561e-08
502.900000  2.506923e-08
502.920000  2.549255e-08
502.940000  2.592569e-08
502.960000  2.636872e-08
502.980000  2.682174e-08
503.000000  2.728483e-08
503.020000  2.775806e-08
503.040000  2.824149e-08
503.060000  2.873520e-08
503.080000  2.923923e-08
503.100000  2.975363e-08
503.120000  3.027844e-08
503.140000  3.081371e-08
503.160000  3.135946e-08
503.180000  3.191571e-08
503.200000  3.248249e-08
503.220000  3.305982e-08
503.240000  3.364770e-08
503.260000  3.424615e-08
503.280000  3.485518e-08
503.300000  3.547480e-08
503.320000  3.610500e-08
503.340000  3.674580e-08
503.360000  3.739721e-08
503.380000  3.805924e-08
503.400000  3.873190e-08
503.420000  3.941522e-08
503.440000  4.010922e-08
503.460000  4.081394e-08
503.480000  4.152942e-08
503.500000  4.225571e-08
503.520000  4.299288e-08
503.540000  4.374100e-08
503.560000  4.450015e-08
503.580000  4.527045e-08
503.600000  4.605201e-08
503.620000  4.684496e-08
503.640000  4.764945e-08
503.660000  4.846565e-08
503.680000  4.929375e-08
503.700000  5.013394e-08
503.720000  5.098646e-08
503.740000  5.185154e-08
503.760000  5.272944e-08
503.780000  5.362044e-08
503.800000  5.452484e-08
503.820000  5.544295e-08
503.840000  5.637512e-08
503.860000  5.732169e-08
503.880000  5.828302e-08
503.900000  5.925950e-08
503.920000  6.025154e-08
503.940000  6.125953e-08
503.960000  6.228390e-08
503.980000  6.332509e-08
504.000000  6.438354e-08
504.020000  6.545970e-08
504.040000  6.655402e-08
504.060000  6.766698e-08
504.080000  6.879902e-08
504.100000  6.995063e-08
504.120000  7.112225e-08
504.140000  7.231437e-08
504.160000  7.352744e-08
504.180000  7.476190e-08
504.200000  7.601822e-08
504.220000  7.729682e-08
504.240000  7.859813e-08
504.260000  7.992258e-08
504.280000  8.127057e-08
504.300000  8.264248e-08
504.320000  8.403869e-08
504.340000  8.545955e-08
504.360000  8.690541e-08
504.380000  8.837659e-08
504.400000  8.987339e-08
504.420000  9.139609e-08
504.440000  9.294494e-08
504.460000  9.452020e-08
504.480000  9.612207e-08
504.500000  9.775074e-08
504.520000  9.940640e-08
504.540000  1.010892e-07
504.560000  1.027992e-07
504.580000  1.045366e-07
504.600000  1.063014e-07
504.620000  1.080938e-07
504.640000  1.099136e-07
504.660000  1.117610e-07
504.680000  1.136358e-07
504.700000  1.155382e-07
504.720000  1.174679e-07
504.740000  1.194250e-07
504.760000  1.214093e-07
504.780000  1.234207e-07
504.800000  1.254591e-07
504.820000  1.275242e-07
504.840000  1.296159e-07
504.860000  1.317340e-07
504.880000  1.338782e-07
504.900000  1.360482e-07
504.920000  1.382439e-07
504.940000  1.404649e-07
504.960000  1.427108e-07
504.980000  1.449814e-07
505.000000  1.472764e-07
505.020000  1.495952e-07
505.040000  1.519376e-07
505.060000  1.543031e-07
505.080000  1.566913e-07
505.100000  1.591018e-07
505.120000  1.615341e-07
505.140000  1.639876e-07
505.160000  1.664620e-07
505.180000  1.689567e-07
505.200000  1.714712e-07
505.220000  1.740049e-07
505.240000  1.765573e-07
505.260000  1.791277e-07
505.280000  1.817157e-07
505.300000  1.843205e-07
505.320000  1.869417e-07
505.340000  1.895784e-07
505.360000  1.922302e-07
505.380000  1.948963e-07
505.400000  1.975760e-07
505.420000  2.002687e-07
505.440000  2.029738e-07
505.460000  2.056903e-07
505.480000  2.084178e-07
505.500000  2.111554e-07
505.520000  2.139024e-07
505.540000  2.166581e-07
505.560000  2.194218e-07
505.580000  2.221926e-07
505.600000  2.249699e-07
505.620000  2.277529e-07
505.640000  2.305408e-07
505.660000  2.333329e-07
505.680000  2.361285e-07
505.700000  2.389268e-07
505.720000  2.417270e-07
505.740000  2.445284e-07
505.760000  2.473304e-07
505.780000  2.501321e-07
505.800000  2.529330e-07
505.820000  2.557322e-07
505.840000  2.585293e-07
505.860000  2.613234e-07
505.880000  2.641141e-07
505.900000  2.669006e-07
505.920000  2.696826e-07
505.940000  2.724593e-07
505.960000  2.752304e-07
505.980000  2.779954e-07
506.000000  2.807539e-07
506.020000  2.835055e-07
506.040000  2.862498e-07
506.060000  2.889867e-07
506.080000  2.917160e-07
506.100000  2.944374e-07
506.120000  2.971508e-07
506.140000  2.998564e-07
506.160000  3.025540e-07
506.180000  3.052439e-07
506.200000  3.079261e-07
506.220000  3.106010e-07
506.240000  3.132690e-07
506.260000  3.159303e-07
506.280000  3.185857e-07
506.300000  3.212355e-07
506.320000  3.238806e-07
506.340000  3.265217e-07
506.360000  3.291596e-07
506.380000  3.317952e-07
506.400000  3.344297e-07
506.420000  3.370640e-07
506.440000  3.396994e-07
506.460000  3.423372e-07
506.480000  3.449787e-07
506.500000  3.476252e-07
506.520000  3.502783e-07
506.540000  3.529395e-07
506.560000  3.556103e-07
506.580000  3.582924e-07
506.600000  3.609875e-07
506.620000  3.636972e-07
506.640000  3.664232e-07
506.660000  3.691672e-07
506.680000  3.719309e-07
506.700000  3.747159e-07
506.720000  3.775238e-07
506.740000  3.803562e-07
506.760000  3.832146e-07
506.780000  3.861003e-07
506.800000  3.890145e-07
506.820000  3.919586e-07
506.840000  3.949333e-07
506.860000  3.979396e-07
506.880000  4.009782e-07
506.900000  4.040493e-07
506.920000  4.071533e-07
506.940000  4.102900e-07
506.960000  4.134593e-07
506.980000  4.166604e-07
507.000000  4.198925e-07
507.020000  4.231544e-07
507.040000  4.264444e-07
507.060000  4.297608e-07
507.080000  4.331013e-07
507.100000  4.364631e-07
507.120000  4.398432e-07
507.140000  4.432384e-07
507.160000  4.466446e-07
507.180000  4.500578e-07
507.200000  4.534732e-07
507.220000  4.568859e-07
507.240000  4.602905e-07
507.260000  4.636812e-07
507.280000  4.670519e-07
507.300000  4.703960e-07
507.320000  4.737066e-07
507.340000  4.769767e-07
507.360000  4.801988e-07
507.380000  4.833651e-07
507.400000  4.864678e-07
507.420000  4.894987e-07
507.440000  4.924495e-07
507.460000  4.953117e-07
507.480000  4.980769e-07
507.500000  5.007366e-07
507.520000  5.032821e-07
507.540000  5.057050e-07
507.560000  5.079969e-07
507.580000  5.101496e-07
507.600000  5.121550e-07
507.620000  5.140054e-07
507.640000  5.156932e-07
507.660000  5.172113e-07
507.680000  5.185529e-07
507.700000  5.197116e-07
507.720000  5.206816e-07
507.740000  5.214575e-07
507.760000  5.220345e-07
507.780000  5.224082e-07
507.800000  5.225752e-07
507.820000  5.225323e-07
507.840000  5.222772e-07
507.860000  5.218083e-07
507.880000  5.211245e-07
507.900000  5.202256e-07
507.920000  5.191119e-07
507.940000  5.177845e-07
507.960000  5.162452e-07
507.980000  5.144964e-07
508.000000  5.125412e-07
508.020000  5.103833e-07
508.040000  5.080271e-07
508.060000  5.054775e-07
508.080000  5.027400e-07
508.100000  4.998205e-07
508.120000  4.967254e-07
508.140000  4.934618e-07
508.160000  4.900368e-07
508.180000  4.864580e-07
508.200000  4.827333e-07
508.220000  4.788709e-07
508.240000  4.748791e-07
508.260000  4.707663e-07
508.280000  4.665412e-07
508.300000  4.622124e-07
508.320000  4.577885e-07
508.340000  4.532780e-07
508.360000  4.486895e-07
508.380000  4.440313e-07
508.400000  4.393117e-07
508.420000  4.345386e-07
508.440000  4.297200e-07
508.460000  4.248633e-07
508.480000  4.199757e-07
508.500000  4.150644e-07
508.520000  4.101358e-07
508.540000  4.051965e-07
508.560000  4.002523e-07
508.580000  3.953089e-07
508.600000  3.903716e-07
508.620000  3.854455e-07
508.640000  3.805351e-07
508.660000  3.756447e-07
508.680000  3.707783e-07
508.700000  3.659394e-07
508.720000  3.611316e-07
508.740000  3.563577e-07
508.760000  3.516206e-07
508.780000  3.469227e-07
508.800000  3.422663e-07
508.820000  3.376534e-07
508.840000  3.330859e-07
508.860000  3.285653e-07
508.880000  3.240931e-07
508.900000  3.196705e-07
508.920000  3.152988e-07
508.940000  3.109788e-07
508.960000  3.067115e-07
508.980000  3.024976e-07
509.000000  2.983378e-07
509.020000  2.942328e-07
509.040000  2.901829e-07
509.060000  2.861886e-07
509.080000  2.822504e-07
509.100000  2.783685e-07
509.120000  2.745433e-07
509.140000  2.707748e-07
509.160000  2.670634e-07
509.180000  2.634091e-07
509.200000  2.598119e-07
509.220000  2.562719e-07
509.240000  2.527891e-07
509.260000  2.493634e-07
509.280000  2.459945e-07
509.300000  2.426824e-07
509.320000  2.394268e-07
509.340000  2.362273e-07
509.360000  2.330836e-07
509.380000  2.299953e-07
509.400000  2.269617e-07
509.420000  2.239824e-07
509.440000  2.210567e-07
509.460000  2.181839e-07
509.480000  2.153632e-07
509.500000  2.125937e-07
509.520000  2.098747e-07
509.540000  2.072050e-07
509.560000  2.045838e-07
509.580000  2.020098e-07
509.600000  1.994821e-07
509.620000  1.969994e-07
509.640000  1.945605e-07
509.660000  1.921642e-07
509.680000  1.898093e-07
509.700000  1.874945e-07
509.720000  1.852184e-07
509.740000  1.829799e-07
509.760000  1.807775e-07
509.780000  1.786101e-07
509.800000  1.764763e-07
509.820000  1.743749e-07
509.840000  1.723046e-07
509.860000  1.702644e-07
509.880000  1.682531e-07
509.900000  1.662696e-07
509.920000  1.643128e-07
509.940000  1.623819e-07
509.960000  1.604758e-07
509.980000  1.585938e-07
510.000000  1.567351e-07
510.020000  1.548989e-07
510.040000  1.530848e-07
510.060000  1.512920e-07
510.080000  1.495203e-07
510.100000  1.477691e-07
510.120000  1.460383e-07
510.140000  1.443275e-07
510.160000  1.426367e-07
510.180000  1.409657e-07
510.200000  1.393146e-07
510.220000  1.376834e-07
510.240000  1.360723e-07
510.260000  1.344815e-07
510.280000  1.329111e-07
510.300000  1.313616e-07
510.320000  1.298332e-07
510.340000  1.283265e-07
510.360000  1.268417e-07
510.380000  1.253793e-07
510.400000  1.239399e-07
510.420000  1.225239e-07
510.440000  1.211319e-07
510.460000  1.197643e-07
510.480000  1.184218e-07
510.500000  1.171048e-07
510.520000  1.158138e-07
510.540000  1.145493e-07
510.560000  1.133118e-07
510.580000  1.121018e-07
510.600000  1.109197e-07
510.620000  1.097659e-07
510.640000  1.086407e-07
510.660000  1.075444e-07
510.680000  1.064774e-07
510.700000  1.054399e-07
510.720000  1.044319e-07
510.740000  1.034538e-07
510.760000  1.025055e-07
510.780000  1.015870e-07
510.800000  1.006984e-07
510.820000  9.983957e-08
510.840000  9.901031e-08
510.860000  9.821045e-08
510.880000  9.743974e-08
510.900000  9.669786e-08
510.920000  9.598442e-08
510.940000  9.529901e-08
510.960000  9.464114e-08
510.980000  9.401025e-08
511.000000  9.340576e-08
511.020000  9.282701e-08
511.040000  9.227330e-08
511.060000  9.174388e-08
511.080000  9.123793e-08
511.100000  9.075460e-08
511.120000  9.029299e-08
511.140000  8.985215e-08
511.160000  8.943109e-08
511.180000  8.902877e-08
511.200000  8.864411e-08
511.220000  8.827601e-08
511.240000  8.792330e-08
511.260000  8.758482e-08
511.280000  8.725932e-08
511.300000  8.694558e-08
511.320000  8.664232e-08
511.340000  8.634823e-08
511.360000  8.606200e-08
511.380000  8.578229e-08
511.400000  8.550775e-08
511.420000  8.523703e-08
511.440000  8.496873e-08
511.460000  8.470151e-08
511.480000  8.443397e-08
511.500000  8.416476e-08
511.520000  8.389252e-08
511.540000  8.361590e-08
511.560000  8.333357e-08
511.580000  8.304424e-08
511.600000  8.274663e-08
511.620000  8.243950e-08
511.640000  8.212164e-08
511.660000  8.179190e-08
511.680000  8.144918e-08
511.700000  8.109240e-08
511.720000  8.072057e-08
511.740000  8.033276e-08
511.760000  7.992810e-08
511.780000  7.950578e-08
511.800000  7.906509e-08
511.820000  7.860539e-08
511.840000  7.812610e-08
511.860000  7.762676e-08
511.880000  7.710698e-08
511.900000  7.656647e-08
511.920000  7.600501e-08
511.940000  7.542251e-08
511.960000  7.481893e-08
511.980000  7.419436e-08
512.000000  7.354897e-08
512.020000  7.288302e-08
512.040000  7.219688e-08
512.060000  7.149098e-08
512.080000  7.076586e-08
512.100000  7.002215e-08
512.120000  6.926053e-08
512.140000  6.848180e-08
512.160000  6.768679e-08
512.180000  6.687644e-08
512.200000  6.605173e-08
512.220000  6.521369e-08
512.240000  6.436343e-08
512.260000  6.350209e-08
512.280000  6.263085e-08
512.300000  6.175093e-08
512.320000  6.086358e-08
512.340000  5.997005e-08
512.360000  5.907164e-08
512.380000  5.816964e-08
512.400000  5.726534e-08
512.420000  5.636003e-08
512.440000  5.545498e-08
512.460000  5.455147e-08
512.480000  5.365072e-08
512.500000  5.275395e-08
512.520000  5.186235e-08
512.540000  5.097704e-08
512.560000  5.009913e-08
512.580000  4.922966e-08
512.600000  4.836964e-08
512.620000  4.752001e-08
512.640000  4.668165e-08
512.660000  4.585539e-08
512.680000  4.504198e-08
512.700000  4.424213e-08
512.720000  4.345646e-08
512.740000  4.268554e-08
512.760000  4.192985e-08
512.780000  4.118981e-08
512.800000  4.046578e-08
512.820000  3.975804e-08
512.840000  3.906681e-08
512.860000  3.839224e-08
512.880000  3.773441e-08
512.900000  3.709333e-08
512.920000  3.646897e-08
512.940000  3.586123e-08
512.960000  3.526993e-08
512.980000  3.469488e-08
513.000000  3.413581e-08
513.020000  3.359240e-08
513.040000  3.306430e-08
513.060000  3.255111e-08
513.080000  3.205240e-08
513.100000  3.156771e-08
513.120000  3.109652e-08
513.140000  3.063832e-08
513.160000  3.019257e-08
513.180000  2.975871e-08
513.200000  2.933615e-08
513.220000  2.892432e-08
513.240000  2.852263e-08
513.260000  2.813047e-08
513.280000  2.774726e-08
513.300000  2.737241e-08
513.320000  2.700535e-08
513.340000  2.664550e-08
513.360000  2.629231e-08
513.380000  2.594525e-08
513.400000  2.560381e-08
513.420000  2.526748e-08
513.440000  2.493581e-08
513.460000  2.460835e-08
513.480000  2.428470e-08
513.500000  2.396445e-08
513.520000  2.364728e-08
513.540000  2.333284e-08
513.560000  2.302087e-08
513.580000  2.271109e-08
513.600000  2.240329e-08
513.620000  2.209728e-08
513.640000  2.179290e-08
513.660000  2.149002e-08
513.680000  2.118856e-08
513.700000  2.088843e-08
513.720000  2.058962e-08
513.740000  2.029210e-08
513.760000  1.999589e-08
513.780000  1.970104e-08
513.800000  1.940761e-08
513.820000  1.911566e-08
513.840000  1.882532e-08
513.860000  1.853668e-08
513.880000  1.824989e-08
513.900000  1.796508e-08
513.920000  1.768240e-08
513.940000  1.740201e-08
513.960000  1.712407e-08
513.980000  1.684875e-08
514.000000  1.657622e-08
514.020000  1.630664e-08
514.040000  1.604018e-08
514.060000  1.577700e-08
514.080000  1.551725e-08
514.100000  1.526109e-08
514.120000  1.500866e-08
514.140000  1.476007e-08
514.160000  1.451547e-08
514.180000  1.427495e-08
514.200000  1.403861e-08
514.220000  1.380655e-08
514.240000  1.357883e-08
514.260000  1.335551e-08
514.280000  1.313665e-08
514.300000  1.292228e-08
514.320000  1.271242e-08
514.340000  1.250709e-08
514.360000  1.230627e-08
514.380000  1.210996e-08
514.400000  1.191813e-08
514.420000  1.173076e-08
514.440000  1.154779e-08
514.460000  1.136917e-08
514.480000  1.119484e-08
514.500000  1.102474e-08
514.520000  1.085879e-08
514.540000  1.069691e-08
514.560000  1.053901e-08
514.580000  1.038501e-08
514.600000  1.023481e-08
514.620000  1.008833e-08
514.640000  9.945455e-09
514.660000  9.806102e-09
514.680000  9.670172e-09
514.700000  9.537568e-09
514.720000  9.408196e-09
514.740000  9.281962e-09
514.760000  9.158776e-09
514.780000  9.038549e-09
514.800000  8.921196e-09
514.820000  8.806635e-09
514.840000  8.694787e-09
514.860000  8.585579e-09
514.880000  8.478939e-09
514.900000  8.374801e-09
514.920000  8.273103e-09
514.940000  8.173787e-09
514.960000  8.076798e-09
514.980000  7.982087e-09
515.000000  7.889609e-09
515.020000  7.799320e-09
515.040000  7.711184e-09
515.060000  7.625164e-09
515.080000  7.541231e-09
515.100000  7.459355e-09
515.120000  7.379511e-09
515.140000  7.301677e-09
515.160000  7.225830e-09
515.180000  7.151953e-09
515.200000  7.080029e-09
515.220000  7.010042e-09
515.240000  6.941978e-09
515.260000  6.875822e-09
515.280000  6.811562e-09
515.300000  6.749186e-09
515.320000  6.688679e-09
515.340000  6.630031e-09
515.360000  6.573227e-09
515.380000  6.518253e-09
515.400000  6.465095e-09
515.420000  6.413737e-09
515.440000  6.364162e-09
515.460000  6.316353e-09
515.480000  6.270289e-09
515.500000  6.225952e-09
515.520000  6.183317e-09
515.540000  6.142363e-09
515.560000  6.103063e-09
515.580000  6.065390e-09
515.600000  6.029318e-09
515.620000  5.994817e-09
515.640000  5.961855e-09
515.660000  5.930402e-09
515.680000  5.900424e-09
515.700000  5.871886e-09
515.720000  5.844755e-09
515.740000  5.818995e-09
515.760000  5.794569e-09
515.780000  5.771442e-09
515.800000  5.749576e-09
515.820000  5.728936e-09
515.840000  5.709485e-09
515.860000  5.691187e-09
515.880000  5.674006e-09
515.900000  5.657908e-09
515.920000  5.642859e-09
515.940000  5.628826e-09
515.960000  5.615777e-09
515.980000  5.603682e-09
516.000000  5.592512e-09
516.020000  5.582239e-09
516.040000  5.572839e-09
516.060000  5.564287e-09
516.080000  5.556561e-09
516.100000  5.549640e-09
516.120000  5.543508e-09
516.140000  5.538148e-09
516.160000  5.533545e-09
516.180000  5.529688e-09
516.200000  5.526565e-09
516.220000  5.524170e-09
516.240000  5.522496e-09
516.260000  5.521539e-09
516.280000  5.521295e-09
516.300000  5.521766e-09
516.320000  5.522951e-09
516.340000  5.524853e-09
516.360000  5.527477e-09
516.380000  5.530829e-09
516.400000  5.534916e-09
516.420000  5.539747e-09
516.440000  5.545330e-09
516.460000  5.551678e-09
516.480000  5.558803e-09
516.500000  5.566717e-09
516.520000  5.575435e-09
516.540000  5.584971e-09
516.560000  5.595342e-09
516.580000  5.606564e-09
516.600000  5.618655e-09
516.620000  5.631631e-09
516.640000  5.645513e-09
516.660000  5.660320e-09
516.680000  5.676071e-09
516.700000  5.692787e-09
516.720000  5.710491e-09
516.740000  5.729204e-09
516.760000  5.748949e-09
516.780000  5.769750e-09
516.800000  5.791633e-09
516.820000  5.814622e-09
516.840000  5.838746e-09
516.860000  5.864031e-09
516.880000  5.890509e-09
516.900000  5.918208e-09
516.920000  5.947164e-09
516.940000  5.977408e-09
516.960000  6.008979e-09
516.980000  6.041915e-09
517.000000  6.076255e-09
517.020000  6.112045e-09
517.040000  6.149330e-09
517.060000  6.188160e-09
517.080000  6.228587e-09
517.100000  6.270668e-09
517.120000  6.314463e-09
517.140000  6.360038e-09
517.160000  6.407462e-09
517.180000  6.456809e-09
517.200000  6.508160e-09
517.220000  6.561600e-09
517.240000  6.617223e-09
517.260000  6.675128e-09
517.280000  6.735422e-09
517.300000  6.798220e-09
517.320000  6.863646e-09
517.340000  6.931832e-09
517.360000  7.002922e-09
517.380000  7.077069e-09
517.400000  7.154439e-09
517.420000  7.235208e-09
517.440000  7.319566e-09
517.460000  7.407718e-09
517.480000  7.499881e-09
517.500000  7.596291e-09
517.520000  7.697198e-09
517.540000  7.802870e-09
517.560000  7.913595e-09
517.580000  8.029679e-09
517.600000  8.151448e-09
517.620000  8.279253e-09
517.640000  8.413465e-09
517.660000  8.554479e-09
517.680000  8.702717e-09
517.700000  8.858624e-09
517.720000  9.022675e-09
517.740000  9.195372e-09
517.760000  9.377245e-09
517.780000  9.568855e-09
517.800000  9.770796e-09
517.820000  9.983689e-09
517.840000  1.020819e-08
517.860000  1.044499e-08
517.880000  1.069481e-08
517.900000  1.095841e-08
517.920000  1.123657e-08
517.940000  1.153011e-08
517.960000  1.183990e-08
517.980000  1.216682e-08
518.000000  1.251180e-08
518.020000  1.287577e-08
518.040000  1.325974e-08
518.060000  1.366469e-08
518.080000  1.409167e-08
518.100000  1.454174e-08
518.120000  1.501597e-08
518.140000  1.551546e-08
518.160000  1.604131e-08
518.180000  1.659466e-08
518.200000  1.717662e-08
518.220000  1.778833e-08
518.240000  1.843090e-08
518.260000  1.910545e-08
518.280000  1.981309e-08
518.300000  2.055487e-08
518.320000  2.133186e-08
518.340000  2.214507e-08
518.360000  2.299547e-08
518.380000  2.388398e-08
518.400000  2.481146e-08
518.420000  2.577871e-08
518.440000  2.678646e-08
518.460000  2.783534e-08
518.480000  2.892590e-08
518.500000  3.005859e-08
518.520000  3.123376e-08
518.540000  3.245164e-08
518.560000  3.371232e-08
518.580000  3.501579e-08
518.600000  3.636189e-08
518.620000  3.775029e-08
518.640000  3.918054e-08
518.660000  4.065203e-08
518.680000  4.216397e-08
518.700000  4.371541e-08
518.720000  4.530525e-08
518.740000  4.693218e-08
518.760000  4.859475e-08
518.780000  5.029130e-08
518.800000  5.202003e-08
518.820000  5.377893e-08
518.840000  5.556583e-08
518.860000  5.737840e-08
518.880000  5.921413e-08
518.900000  6.107034e-08
518.920000  6.294422e-08
518.940000  6.483277e-08
518.960000  6.673290e-08
518.980000  6.864136e-08
519.000000  7.055477e-08
519.020000  7.246965e-08
519.040000  7.438244e-08
519.060000  7.628946e-08
519.080000  7.818699e-08
519.100000  8.007123e-08
519.120000  8.193835e-08
519.140000  8.378448e-08
519.160000  8.560575e-08
519.180000  8.739829e-08
519.200000  8.915824e-08
519.220000  9.088179e-08
519.240000  9.256517e-08
519.260000  9.420469e-08
519.280000  9.579673e-08
519.300000  9.733778e-08
519.320000  9.882444e-08
519.340000  1.002534e-07
519.360000  1.016216e-07
519.380000  1.029261e-07
519.400000  1.041640e-07
519.420000  1.053327e-07
519.440000  1.064298e-07
519.460000  1.074530e-07
519.480000  1.084004e-07
519.500000  1.092701e-07
519.520000  1.100606e-07
519.540000  1.107704e-07
519.560000  1.113985e-07
519.580000  1.119441e-07
519.600000  1.124063e-07
519.620000  1.127849e-07
519.640000  1.130796e-07
519.660000  1.132905e-07
519.680000  1.134179e-07
519.700000  1.134623e-07
519.720000  1.134244e-07
519.740000  1.133051e-07
519.760000  1.131057e-07
519.780000  1.128274e-07
519.800000  1.124718e-07
519.820000  1.120406e-07
519.840000  1.115356e-07
519.860000  1.109589e-07
519.880000  1.103127e-07
519.900000  1.095992e-07
519.920000  1.088208e-07
519.940000  1.079801e-07
519.960000  1.070796e-07
519.980000  1.061220e-07
520.000000  1.051102e-07
520.020000  1.040468e-07
520.040000  1.029346e-07
520.060000  1.017767e-07
520.080000  1.005757e-07
520.100000  9.933457e-08
520.120000  9.805617e-08
520.140000  9.674332e-08
520.160000  9.539881e-08
520.180000  9.402540e-08
520.200000  9.262579e-08
520.220000  9.120264e-08
520.240000  8.975852e-08
520.260000  8.829595e-08
520.280000  8.681737e-08
520.300000  8.532512e-08
520.320000  8.382149e-08
520.340000  8.230864e-08
520.360000  8.078867e-08
520.380000  7.926358e-08
520.400000  7.773527e-08
520.420000  7.620555e-08
520.440000  7.467615e-08
520.460000  7.314868e-08
520.480000  7.162469e-08
520.500000  7.010562e-08
520.520000  6.859284e-08
520.540000  6.708763e-08
520.560000  6.559118e-08
520.580000  6.410462e-08
520.600000  6.262900e-08
520.620000  6.116529e-08
520.640000  5.971442e-08
520.660000  5.827723e-08
520.680000  5.685453e-08
520.700000  5.544705e-08
520.720000  5.405547e-08
520.740000  5.268045e-08
520.760000  5.132259e-08
520.780000  4.998243e-08
520.800000  4.866051e-08
520.820000  4.735731e-08
520.840000  4.607328e-08
520.860000  4.480884e-08
520.880000  4.356439e-08
520.900000  4.234029e-08
520.920000  4.113689e-08
520.940000  3.995450e-08
520.960000  3.879342e-08
520.980000  3.765393e-08
521.000000  3.653626e-08
521.020000  3.544064e-08
521.040000  3.436729e-08
521.060000  3.331638e-08
521.080000  3.228807e-08
521.100000  3.128251e-08
521.120000  3.029980e-08
521.140000  2.934005e-08
521.160000  2.840331e-08
521.180000  2.748964e-08
521.200000  2.659905e-08
521.220000  2.573154e-08
521.240000  2.488707e-08
521.260000  2.406559e-08
521.280000  2.326702e-08
521.300000  2.249124e-08
521.320000  2.173813e-08
521.340000  2.100751e-08
521.360000  2.029921e-08
521.380000  1.961301e-08
521.400000  1.894867e-08
521.420000  1.830594e-08
521.440000  1.768452e-08
521.460000  1.708411e-08
521.480000  1.650438e-08
521.500000  1.594498e-08
521.520000  1.540554e-08
521.540000  1.488567e-08
521.560000  1.438497e-08
521.580000  1.390301e-08
521.600000  1.343936e-08
521.620000  1.299358e-08
521.640000  1.256520e-08
521.660000  1.215376e-08
521.680000  1.175879e-08
521.700000  1.137981e-08
521.720000  1.101632e-08
521.740000  1.066785e-08
521.760000  1.033390e-08
521.780000  1.001399e-08
521.800000  9.707614e-09
521.820000  9.414302e-09
521.840000  9.133568e-09
521.860000  8.864936e-09
521.880000  8.607935e-09
521.900000  8.362103e-09
521.920000  8.126986e-09
521.940000  7.902136e-09
521.960000  7.687120e-09
521.980000  7.481512e-09
522.000000  7.284898e-09
522.020000  7.096876e-09
522.040000  6.917055e-09
522.060000  6.745057e-09
522.080000  6.580518e-09
522.100000  6.423084e-09
522.120000  6.272417e-09
522.140000  6.128189e-09
522.160000  5.990087e-09
522.180000  5.857811e-09
522.200000  5.731072e-09
522.220000  5.609596e-09
522.240000  5.493119e-09
522.260000  5.381391e-09
522.280000  5.274173e-09
522.300000  5.171238e-09
522.320000  5.072370e-09
522.340000  4.977363e-09
522.360000  4.886024e-09
522.380000  4.798167e-09
522.400000  4.713619e-09
522.420000  4.632213e-09
522.440000  4.553793e-09
522.460000  4.478212e-09
522.480000  4.405329e-09
522.500000  4.335012e-09
522.520000  4.267138e-09
522.540000  4.201588e-09
522.560000  4.138251e-09
522.580000  4.077022e-09
522.600000  4.017803e-09
522.620000  3.960500e-09
522.640000  3.905025e-09
522.660000  3.851294e-09
522.680000  3.799228e-09
522.700000  3.748754e-09
522.720000  3.699801e-09
522.740000  3.652303e-09
522.760000  3.606195e-09
522.780000  3.561418e-09
522.800000  3.517914e-09
522.820000  3.475631e-09
522.840000  3.434516e-09
522.860000  3.394519e-09
522.880000  3.355595e-09
522.900000  3.317699e-09
522.920000  3.280787e-09
522.940000  3.244818e-09
522.960000  3.209754e-09
522.980000  3.175556e-09
523.000000  3.142188e-09
523.020000  3.109614e-09
523.040000  3.077801e-09
523.060000  3.046717e-09
523.080000  3.016329e-09
523.100000  2.986607e-09
523.120000  2.957521e-09
523.140000  2.929043e-09
523.160000  2.901145e-09
523.180000  2.873799e-09
523.200000  2.846981e-09
523.220000  2.820664e-09
523.240000  2.794824e-09
523.260000  2.769438e-09
523.280000  2.744483e-09
523.300000  2.719936e-09
523.320000  2.695776e-09
523.340000  2.671983e-09
523.360000  2.648537e-09
523.380000  2.625420e-09
523.400000  2.602613e-09
523.420000  2.580100e-09
523.440000  2.557864e-09
523.460000  2.535889e-09
523.480000  2.514162e-09
523.500000  2.492669e-09
523.520000  2.471398e-09
523.540000  2.450336e-09
523.560000  2.429474e-09
523.580000  2.408801e-09
523.600000  2.388309e-09
523.620000  2.367990e-09
523.640000  2.347837e-09
523.660000  2.327844e-09
523.680000  2.308005e-09
523.700000  2.288318e-09
523.720000  2.268778e-09
523.740000  2.249383e-09
523.760000  2.230132e-09
523.780000  2.211022e-09
523.800000  2.192055e-09
523.820000  2.173230e-09
523.840000  2.154548e-09
523.860000  2.136012e-09
523.880000  2.117622e-09
523.900000  2.099383e-09
523.920000  2.081295e-09
523.940000  2.063364e-09
523.960000  2.045592e-09
523.980000  2.027983e-09
524.000000  2.010542e-09
524.020000  1.993272e-09
524.040000  1.976177e-09
524.060000  1.959262e-09
524.080000  1.942530e-09
524.100000  1.925986e-09
524.120000  1.909634e-09
524.140000  1.893477e-09
524.160000  1.877519e-09
524.180000  1.861763e-09
524.200000  1.846211e-09
524.220000  1.830868e-09
524.240000  1.815734e-09
524.260000  1.800813e-09
524.280000  1.786106e-09
524.300000  1.771613e-09
524.320000  1.757336e-09
524.340000  1.743276e-09
524.360000  1.729433e-09
524.380000  1.715806e-09
524.400000  1.702395e-09
524.420000  1.689200e-09
524.440000  1.676218e-09
524.460000  1.663449e-09
524.480000  1.650890e-09
524.500000  1.638539e-09
524.520000  1.626394e-09
524.540000  1.614453e-09
524.560000  1.602712e-09
524.580000  1.591168e-09
524.600000  1.579818e-09
524.620000  1.568659e-09
524.640000  1.557686e-09
524.660000  1.546897e-09
524.680000  1.536288e-09
524.700000  1.525854e-09
524.720000  1.515591e-09
524.740000  1.505496e-09
524.760000  1.495565e-09
524.780000  1.485794e-09
524.800000  1.476178e-09
524.820000  1.466714e-09
524.840000  1.457397e-09
524.860000  1.448224e-09
524.880000  1.439192e-09
524.900000  1.430295e-09
524.920000  1.421531e-09
524.940000  1.412896e-09
524.960000  1.404386e-09
524.980000  1.395997e-09
525.000000  1.387728e-09
525.020000  1.379574e-09
525.040000  1.371532e-09
525.060000  1.363598e-09
525.080000  1.355772e-09
525.100000  1.348048e-09
525.120000  1.340425e-09
525.140000  1.332899e-09
525.160000  1.325469e-09
525.180000  1.318132e-09
525.200000  1.310886e-09
525.220000  1.303727e-09
525.240000  1.296655e-09
525.260000  1.289666e-09
525.280000  1.282760e-09
525.300000  1.275933e-09
525.320000  1.269185e-09
525.340000  1.262517e-09
525.360000  1.255924e-09
525.380000  1.249403e-09
525.400000  1.242954e-09
525.420000  1.236575e-09
525.440000  1.230265e-09
525.460000  1.224021e-09
525.480000  1.217843e-09
525.500000  1.211730e-09
525.520000  1.205679e-09
525.540000  1.199691e-09
525.560000  1.193763e-09
525.580000  1.187894e-09
525.600000  1.182085e-09
525.620000  1.176333e-09
525.640000  1.170637e-09
525.660000  1.164996e-09
525.680000  1.159410e-09
525.700000  1.153878e-09
525.720000  1.148399e-09
525.740000  1.142971e-09
525.760000  1.137594e-09
525.780000  1.132267e-09
525.800000  1.126990e-09
525.820000  1.121761e-09
525.840000  1.116580e-09
525.860000  1.111446e-09
525.880000  1.106359e-09
525.900000  1.101317e-09
525.920000  1.096321e-09
525.940000  1.091368e-09
525.960000  1.086459e-09
525.980000  1.081594e-09
526.000000  1.076770e-09
526.020000  1.071989e-09
526.040000  1.067248e-09
526.060000  1.062549e-09
526.080000  1.057889e-09
526.100000  1.053269e-09
526.120000  1.048688e-09
526.140000  1.044146e-09
526.160000  1.039641e-09
526.180000  1.035174e-09
526.200000  1.030744e-09
526.220000  1.026350e-09
526.240000  1.021992e-09
526.260000  1.017670e-09
526.280000  1.013382e-09
526.300000  1.009130e-09
526.320000  1.004911e-09
526.340000  1.000726e-09
526.360000  9.965750e-10
526.380000  9.924563e-10
526.400000  9.883702e-10
526.420000  9.843161e-10
526.440000  9.802937e-10
526.460000  9.763025e-10
526.480000  9.723423e-10
526.500000  9.684125e-10
526.520000  9.645130e-10
526.540000  9.606432e-10
526.560000  9.568029e-10
526.580000  9.529916e-10
526.600000  9.492091e-10
526.620000  9.454550e-10
526.640000  9.417289e-10
526.660000  9.380306e-10
526.680000  9.343597e-10
526.700000  9.307159e-10
526.720000  9.270990e-10
526.740000  9.235084e-10
526.760000  9.199441e-10
526.780000  9.164057e-10
526.800000  9.128929e-10
526.820000  9.094053e-10
526.840000  9.059428e-10
526.860000  9.025051e-10
526.880000  8.990918e-10
526.900000  8.957027e-10
526.920000  8.923376e-10
526.940000  8.889961e-10
526.960000  8.856780e-10
526.980000  8.823831e-10
527.000000  8.791111e-10
527.020000  8.758618e-10
527.040000  8.726349e-10
527.060000  8.694302e-10
527.080000  8.662474e-10
527.100000  8.630864e-10
527.120000  8.599468e-10
527.140000  8.568285e-10
527.160000  8.537312e-10
527.180000  8.506548e-10
527.200000  8.475989e-10
527.220000  8.445635e-10
527.240000  8.415482e-10
527.260000  8.385529e-10
527.280000  8.355773e-10
527.300000  8.326213e-10
527.320000  8.296847e-10
527.340000  8.267673e-10
527.360000  8.238689e-10
527.380000  8.209892e-10
527.400000  8.181281e-10
527.420000  8.152855e-10
527.440000  8.124611e-10
527.460000  8.096547e-10
527.480000  8.068663e-10
527.500000  8.040955e-10
527.520000  8.013422e-10
527.540000  7.986063e-10
527.560000  7.958876e-10
527.580000  7.931860e-10
527.600000  7.905011e-10
527.620000  7.878330e-10
527.640000  7.851815e-10
527.660000  7.825463e-10
527.680000  7.799273e-10
527.700000  7.773244e-10
527.720000  7.747374e-10
527.740000  7.721662e-10
527.760000  7.696106e-10
527.780000  7.670705e-10
527.800000  7.645457e-10
527.820000  7.620361e-10
527.840000  7.595416e-10
527.860000  7.570620e-10
527.880000  7.545971e-10
