448.14 3.06522e-12
448.16 3.1199e-12
448.18 3.17536e-12
448.20 3.2316e-12
448.22 3.28864e-12
448.24 3.34644e-12
448.26 3.40506e-12
448.28 3.46444e-12
448.30 3.52464e-12
448.32 3.58564e-12
448.34 3.64744e-12
448.36 3.71004e-12
448.38 3.77344e-12
448.40 3.83768e-12
448.42 3.9027e-12
448.44 3.96856e-12
448.46 4.03524e-12
448.48 4.10272e-12
448.50 4.17102e-12
448.52 4.24016e-12
448.54 4.3101e-12
448.56 4.38086e-12
448.58 4.45244e-12
448.60 4.52486e-12
448.62 4.59808e-12
448.64 4.67214e-12
448.66 4.74702e-12
448.68 4.82274e-12
448.70 4.89928e-12
448.72 4.97664e-12
448.74 5.05486e-12
448.76 5.13392e-12
448.78 5.21382e-12
448.80 5.29458e-12
448.82 5.37618e-12
448.84 5.45866e-12
448.86 5.54198e-12
448.88 5.6262e-12
448.90 5.7113e-12
448.92 5.79726e-12
448.94 5.88414e-12
448.96 5.97192e-12
448.98 6.06062e-12
449.00 6.15024e-12
449.02 6.2408e-12
449.04 6.3323e-12
449.06 6.42478e-12
449.08 6.51824e-12
449.10 6.61268e-12
449.12 6.70814e-12
449.14 6.80464e-12
449.16 6.90218e-12
449.18 7.0008e-12
449.20 7.1005e-12
449.22 7.20134e-12
449.24 7.30332e-12
449.26 7.40648e-12
449.28 7.51084e-12
449.30 7.61642e-12
449.32 7.72328e-12
449.34 7.83144e-12
449.36 7.94092e-12
449.38 8.05176e-12
449.40 8.164e-12
449.42 8.27766e-12
449.44 8.3928e-12
449.46 8.50944e-12
449.48 8.62762e-12
449.50 8.74738e-12
449.52 8.86876e-12
449.54 8.9918e-12
449.56 9.11654e-12
449.58 9.24302e-12
449.60 9.3713e-12
449.62 9.5014e-12
449.64 9.63338e-12
449.66 9.7673e-12
449.68 9.9032e-12
449.70 1.004114e-11
449.72 1.018116e-11
449.74 1.032334e-11
449.76 1.04677e-11
449.78 1.061434e-11
449.80 1.07633e-11
449.82 1.091464e-11
449.84 1.106844e-11
449.86 1.122474e-11
449.88 1.138362e-11
449.90 1.154514e-11
449.92 1.170936e-11
449.94 1.187636e-11
449.96 1.204618e-11
449.98 1.221892e-11
450.00 1.239462e-11
450.02 1.257336e-11
450.04 1.275522e-11
450.06 1.294024e-11
450.08 1.312852e-11
450.10 1.332012e-11
450.12 1.351514e-11
450.14 1.371362e-11
450.16 1.391566e-11
450.18 1.412136e-11
450.20 1.433078e-11
450.22 1.4544e-11
450.24 1.476114e-11
450.26 1.498224e-11
450.28 1.520744e-11
450.30 1.54368e-11
450.32 1.567044e-11
450.34 1.590842e-11
450.36 1.615084e-11
450.38 1.639782e-11
450.40 1.664944e-11
450.42 1.69058e-11
450.44 1.716702e-11
450.46 1.743318e-11
450.48 1.77044e-11
450.50 1.798076e-11
450.52 1.82624e-11
450.54 1.85494e-11
450.56 1.884186e-11
450.58 1.91399e-11
450.60 1.94436e-11
450.62 1.975308e-11
450.64 2.00684e-11
450.66 2.03898e-11
450.68 2.07172e-11
450.70 2.10508e-11
450.72 2.13908e-11
450.74 2.1737e-11
450.76 2.20898e-11
450.78 2.24492e-11
450.80 2.28152e-11
450.82 2.31882e-11
450.84 2.3568e-11
450.86 2.3955e-11
450.88 2.4349e-11
450.90 2.47504e-11
450.92 2.51592e-11
450.94 2.55754e-11
450.96 2.59994e-11
450.98 2.6431e-11
451.00 2.68706e-11
451.02 2.73182e-11
451.04 2.77738e-11
451.06 2.82378e-11
451.08 2.87102e-11
451.10 2.9191e-11
451.12 2.96806e-11
451.14 3.0179e-11
451.16 3.06864e-11
451.18 3.12028e-11
451.20 3.17284e-11
451.22 3.22636e-11
451.24 3.28082e-11
451.26 3.33626e-11
451.28 3.39266e-11
451.30 3.45008e-11
451.32 3.5085e-11
451.34 3.56794e-11
451.36 3.62842e-11
451.38 3.68996e-11
451.40 3.75256e-11
451.42 3.81626e-11
451.44 3.88104e-11
451.46 3.94694e-11
451.48 4.01396e-11
451.50 4.08214e-11
451.52 4.15148e-11
451.54 4.222e-11
451.56 4.29372e-11
451.58 4.36666e-11
451.60 4.44084e-11
451.62 4.51626e-11
451.64 4.59296e-11
451.66 4.67094e-11
451.68 4.75022e-11
451.70 4.83084e-11
451.72 4.91278e-11
451.74 4.9961e-11
451.76 5.0808e-11
451.78 5.16688e-11
451.80 5.25438e-11
451.82 5.34332e-11
451.84 5.43372e-11
451.86 5.52558e-11
451.88 5.61892e-11
451.90 5.71378e-11
451.92 5.81018e-11
451.94 5.9081e-11
451.96 6.0076e-11
451.98 6.10866e-11
452.00 6.21134e-11
452.02 6.31562e-11
452.04 6.42152e-11
452.06 6.52908e-11
452.08 6.6383e-11
452.10 6.74918e-11
452.12 6.86178e-11
452.14 6.97608e-11
452.16 7.0921e-11
452.18 7.20986e-11
452.20 7.32938e-11
452.22 7.45066e-11
452.24 7.57372e-11
452.26 7.69858e-11
452.28 7.82524e-11
452.30 7.95372e-11
452.32 8.08404e-11
452.34 8.21618e-11
452.36 8.35018e-11
452.38 8.48602e-11
452.40 8.62374e-11
452.42 8.76332e-11
452.44 8.90478e-11
452.46 9.04814e-11
452.48 9.19338e-11
452.50 9.34054e-11
452.52 9.4896e-11
452.54 9.64058e-11
452.56 9.79348e-11
452.58 9.94832e-11
452.60 1.010508e-10
452.62 1.02638e-10
452.64 1.042444e-10
452.66 1.058702e-10
452.68 1.075152e-10
452.70 1.091798e-10
452.72 1.108634e-10
452.74 1.12566e-10
452.76 1.142878e-10
452.78 1.160284e-10
452.80 1.177876e-10
452.82 1.195654e-10
452.84 1.213614e-10
452.86 1.231758e-10
452.88 1.25008e-10
452.90 1.268578e-10
452.92 1.28725e-10
452.94 1.306096e-10
452.96 1.32511e-10
452.98 1.34429e-10
453.00 1.363634e-10
453.02 1.383136e-10
453.04 1.402796e-10
453.06 1.422606e-10
453.08 1.442566e-10
453.10 1.462672e-10
453.12 1.482916e-10
453.14 1.503296e-10
453.16 1.523808e-10
453.18 1.544446e-10
453.20 1.565206e-10
453.22 1.58608e-10
453.24 1.607068e-10
453.26 1.628158e-10
453.28 1.649348e-10
453.30 1.67063e-10
453.32 1.691998e-10
453.34 1.713446e-10
453.36 1.734964e-10
453.38 1.756548e-10
453.40 1.778186e-10
453.42 1.799876e-10
453.44 1.821606e-10
453.46 1.84337e-10
453.48 1.86516e-10
453.50 1.886966e-10
453.52 1.908786e-10
453.54 1.930606e-10
453.56 1.952422e-10
453.58 1.974226e-10
453.60 1.99601e-10
453.62 2.01776e-10
453.64 2.03948e-10
453.66 2.06116e-10
453.68 2.08278e-10
453.70 2.10436e-10
453.72 2.12584e-10
453.74 2.14726e-10
453.76 2.1686e-10
453.78 2.18984e-10
453.80 2.21098e-10
453.82 2.23202e-10
453.84 2.25292e-10
453.86 2.27372e-10
453.88 2.29436e-10
453.90 2.31486e-10
453.92 2.33522e-10
453.94 2.35542e-10
453.96 2.37546e-10
453.98 2.39532e-10
454.00 2.415e-10
454.02 2.4345e-10
454.04 2.4538e-10
454.06 2.47292e-10
454.08 2.49182e-10
454.10 2.51054e-10
454.12 2.52904e-10
454.14 2.54732e-10
454.16 2.56538e-10
454.18 2.58324e-10
454.20 2.60086e-10
454.22 2.61828e-10
454.24 2.63544e-10
454.26 2.6524e-10
454.28 2.6691e-10
454.30 2.68558e-10
454.32 2.70184e-10
454.34 2.71784e-10
454.36 2.73362e-10
454.38 2.74916e-10
454.40 2.76446e-10
454.42 2.77954e-10
454.44 2.79438e-10
454.46 2.80898e-10
454.48 2.82336e-10
454.50 2.8375e-10
454.52 2.85142e-10
454.54 2.8651e-10
454.56 2.87858e-10
454.58 2.89182e-10
454.60 2.90486e-10
454.62 2.91768e-10
454.64 2.9303e-10
454.66 2.94272e-10
454.68 2.95492e-10
454.70 2.96694e-10
454.72 2.97876e-10
454.74 2.9904e-10
454.76 3.00186e-10
454.78 3.01314e-10
454.80 3.02424e-10
454.82 3.03516e-10
454.84 3.04594e-10
454.86 3.05654e-10
454.88 3.06698e-10
454.90 3.07728e-10
454.92 3.08742e-10
454.94 3.0974e-10
454.96 3.10726e-10
454.98 3.11698e-10
455.00 3.12658e-10
455.02 3.13606e-10
455.04 3.14542e-10
455.06 3.15468e-10
455.08 3.16384e-10
455.10 3.1729e-10
455.12 3.18188e-10
455.14 3.1908e-10
455.16 3.19964e-10
455.18 3.2084e-10
455.20 3.21712e-10
455.22 3.2258e-10
455.24 3.23442e-10
455.26 3.24302e-10
455.28 3.2516e-10
455.30 3.26014e-10
455.32 3.26866e-10
455.34 3.2772e-10
455.36 3.2857e-10
455.38 3.29422e-10
455.40 3.30276e-10
455.42 3.3113e-10
455.44 3.31986e-10
455.46 3.32846e-10
455.48 3.33708e-10
455.50 3.34572e-10
455.52 3.35442e-10
455.54 3.36314e-10
455.56 3.37192e-10
455.58 3.38076e-10
455.60 3.38964e-10
455.62 3.39858e-10
455.64 3.40758e-10
455.66 3.41664e-10
455.68 3.42578e-10
455.70 3.43498e-10
455.72 3.44426e-10
455.74 3.45362e-10
455.76 3.46306e-10
455.78 3.4726e-10
455.80 3.48222e-10
455.82 3.49194e-10
455.84 3.50176e-10
455.86 3.51166e-10
455.88 3.52168e-10
455.90 3.53182e-10
455.92 3.54204e-10
455.94 3.5524e-10
455.96 3.56286e-10
455.98 3.57344e-10
456.00 3.58414e-10
456.02 3.59498e-10
456.04 3.60594e-10
456.06 3.61702e-10
456.08 3.62826e-10
456.10 3.63962e-10
456.12 3.65112e-10
456.14 3.66276e-10
456.16 3.67456e-10
456.18 3.6865e-10
456.20 3.6986e-10
456.22 3.71084e-10
456.24 3.72324e-10
456.26 3.73578e-10
456.28 3.74848e-10
456.30 3.76134e-10
456.32 3.77434e-10
456.34 3.7875e-10
456.36 3.80082e-10
456.38 3.81428e-10
456.40 3.8279e-10
456.42 3.84168e-10
456.44 3.8556e-10
456.46 3.86968e-10
456.48 3.8839e-10
456.50 3.89828e-10
456.52 3.91282e-10
456.54 3.9275e-10
456.56 3.94232e-10
456.58 3.9573e-10
456.60 3.97244e-10
456.62 3.9877e-10
456.64 4.00312e-10
456.66 4.01866e-10
456.68 4.03436e-10
456.70 4.05018e-10
456.72 4.06614e-10
456.74 4.08222e-10
456.76 4.09844e-10
456.78 4.11478e-10
456.80 4.13124e-10
456.82 4.14782e-10
456.84 4.16454e-10
456.86 4.18136e-10
456.88 4.1983e-10
456.90 4.21536e-10
456.92 4.23252e-10
456.94 4.2498e-10
456.96 4.26718e-10
456.98 4.28466e-10
457.00 4.30224e-10
457.02 4.31992e-10
457.04 4.33768e-10
457.06 4.35554e-10
457.08 4.37348e-10
457.10 4.3915e-10
457.12 4.40962e-10
457.14 4.4278e-10
457.16 4.44606e-10
457.18 4.46438e-10
457.20 4.48276e-10
457.22 4.5012e-10
457.24 4.5197e-10
457.26 4.53824e-10
457.28 4.55684e-10
457.30 4.57546e-10
457.32 4.5941e-10
457.34 4.61276e-10
457.36 4.63146e-10
457.38 4.65016e-10
457.40 4.66886e-10
457.42 4.68758e-10
457.44 4.70628e-10
457.46 4.725e-10
457.48 4.7437e-10
457.50 4.7624e-10
457.52 4.78108e-10
457.54 4.79974e-10
457.56 4.81838e-10
457.58 4.837e-10
457.60 4.85558e-10
457.62 4.87414e-10
457.64 4.89266e-10
457.66 4.91114e-10
457.68 4.92956e-10
457.70 4.94792e-10
457.72 4.96624e-10
457.74 4.98448e-10
457.76 5.00264e-10
457.78 5.02074e-10
457.80 5.03874e-10
457.82 5.05666e-10
457.84 5.07446e-10
457.86 5.09216e-10
457.88 5.10976e-10
457.90 5.12722e-10
457.92 5.14456e-10
457.94 5.16174e-10
457.96 5.1788e-10
457.98 5.1957e-10
458.00 5.21244e-10
458.02 5.22904e-10
458.04 5.24544e-10
458.06 5.2617e-10
458.08 5.27776e-10
458.10 5.29366e-10
458.12 5.30934e-10
458.14 5.32486e-10
458.16 5.34016e-10
458.18 5.35526e-10
458.20 5.37014e-10
458.22 5.38482e-10
458.24 5.39928e-10
458.26 5.4135e-10
458.28 5.4275e-10
458.30 5.44126e-10
458.32 5.4548e-10
458.34 5.4681e-10
458.36 5.48114e-10
458.38 5.49396e-10
458.40 5.50652e-10
458.42 5.51882e-10
458.44 5.53086e-10
458.46 5.54264e-10
458.48 5.55416e-10
458.50 5.56542e-10
458.52 5.57638e-10
458.54 5.58708e-10
458.56 5.59748e-10
458.58 5.60758e-10
458.60 5.61738e-10
458.62 5.62688e-10
458.64 5.63608e-10
458.66 5.64494e-10
458.68 5.65348e-10
458.70 5.66168e-10
458.72 5.66952e-10
458.74 5.67702e-10
458.76 5.68416e-10
458.78 5.69094e-10
458.80 5.69732e-10
458.82 5.70334e-10
458.84 5.70896e-10
458.86 5.71418e-10
458.88 5.719e-10
458.90 5.7234e-10
458.92 5.7274e-10
458.94 5.73098e-10
458.96 5.73414e-10
458.98 5.7369e-10
459.00 5.73922e-10
459.02 5.7411e-10
459.04 5.74258e-10
459.06 5.74362e-10
459.08 5.74424e-10
459.10 5.74442e-10
459.12 5.74418e-10
459.14 5.7435e-10
459.16 5.74238e-10
459.18 5.74082e-10
459.20 5.73882e-10
459.22 5.73638e-10
459.24 5.73348e-10
459.26 5.73012e-10
459.28 5.72632e-10
459.30 5.72204e-10
459.32 5.71732e-10
459.34 5.71212e-10
459.36 5.70644e-10
459.38 5.7003e-10
459.40 5.69368e-10
459.42 5.68658e-10
459.44 5.679e-10
459.46 5.67094e-10
459.48 5.66242e-10
459.50 5.6534e-10
459.52 5.6439e-10
459.54 5.63392e-10
459.56 5.62348e-10
459.58 5.61254e-10
459.60 5.60114e-10
459.62 5.58928e-10
459.64 5.57694e-10
459.66 5.56414e-10
459.68 5.5509e-10
459.70 5.5372e-10
459.72 5.52308e-10
459.74 5.50852e-10
459.76 5.49356e-10
459.78 5.47818e-10
459.80 5.46242e-10
459.82 5.44626e-10
459.84 5.4297e-10
459.86 5.41278e-10
459.88 5.3955e-10
459.90 5.37786e-10
459.92 5.35984e-10
459.94 5.3415e-10
459.96 5.32282e-10
459.98 5.30378e-10
460.00 5.28444e-10
460.02 5.26476e-10
460.04 5.2448e-10
460.06 5.2245e-10
460.08 5.20394e-10
460.10 5.18306e-10
460.12 5.16192e-10
460.14 5.1405e-10
460.16 5.11882e-10
460.18 5.09688e-10
460.20 5.07468e-10
460.22 5.05222e-10
460.24 5.02952e-10
460.26 5.00658e-10
460.28 4.9834e-10
460.30 4.96e-10
460.32 4.93636e-10
460.34 4.91252e-10
460.36 4.88848e-10
460.38 4.86424e-10
460.40 4.83982e-10
460.42 4.81522e-10
460.44 4.79044e-10
460.46 4.76552e-10
460.48 4.74044e-10
460.50 4.71522e-10
460.52 4.68984e-10
460.54 4.66436e-10
460.56 4.63872e-10
460.58 4.61298e-10
460.60 4.5871e-10
460.62 4.56112e-10
460.64 4.53504e-10
460.66 4.50884e-10
460.68 4.48254e-10
460.70 4.45614e-10
460.72 4.42966e-10
460.74 4.40308e-10
460.76 4.37644e-10
460.78 4.3497e-10
460.80 4.32292e-10
460.82 4.29606e-10
460.84 4.26916e-10
460.86 4.2422e-10
460.88 4.2152e-10
460.90 4.18816e-10
460.92 4.1611e-10
460.94 4.134e-10
460.96 4.1069e-10
460.98 4.07978e-10
461.00 4.05264e-10
461.02 4.02552e-10
461.04 3.9984e-10
461.06 3.97128e-10
461.08 3.94418e-10
461.10 3.9171e-10
461.12 3.89006e-10
461.14 3.86302e-10
461.16 3.83602e-10
461.18 3.80906e-10
461.20 3.78212e-10
461.22 3.75522e-10
461.24 3.72836e-10
461.26 3.70154e-10
461.28 3.67476e-10
461.30 3.648e-10
461.32 3.6213e-10
461.34 3.59466e-10
461.36 3.56806e-10
461.38 3.54154e-10
461.40 3.51506e-10
461.42 3.48866e-10
461.44 3.46234e-10
461.46 3.4361e-10
461.48 3.40996e-10
461.50 3.38392e-10
461.52 3.35798e-10
461.54 3.33214e-10
461.56 3.30642e-10
461.58 3.2808e-10
461.60 3.25532e-10
461.62 3.22996e-10
461.64 3.2047e-10
461.66 3.17958e-10
461.68 3.15458e-10
461.70 3.1297e-10
461.72 3.10492e-10
461.74 3.08028e-10
461.76 3.05576e-10
461.78 3.03136e-10
461.80 3.0071e-10
461.82 2.98294e-10
461.84 2.95894e-10
461.86 2.93504e-10
461.88 2.9113e-10
461.90 2.88768e-10
461.92 2.8642e-10
461.94 2.84088e-10
461.96 2.8177e-10
461.98 2.79466e-10
462.00 2.77178e-10
462.02 2.74908e-10
462.04 2.72654e-10
462.06 2.70416e-10
462.08 2.68198e-10
462.10 2.65998e-10
462.12 2.63816e-10
462.14 2.61652e-10
462.16 2.5951e-10
462.18 2.57388e-10
462.20 2.55286e-10
462.22 2.53204e-10
462.24 2.51144e-10
462.26 2.49104e-10
462.28 2.47084e-10
462.30 2.45086e-10
462.32 2.4311e-10
462.34 2.41152e-10
462.36 2.39218e-10
462.38 2.37304e-10
462.40 2.3541e-10
462.42 2.33538e-10
462.44 2.31688e-10
462.46 2.2986e-10
462.48 2.28052e-10
462.50 2.26268e-10
462.52 2.24506e-10
462.54 2.22766e-10
462.56 2.2105e-10
462.58 2.19356e-10
462.60 2.17686e-10
462.62 2.16038e-10
462.64 2.14414e-10
462.66 2.12814e-10
462.68 2.11236e-10
462.70 2.09684e-10
462.72 2.08156e-10
462.74 2.0665e-10
462.76 2.0517e-10
462.78 2.03712e-10
462.80 2.0228e-10
462.82 2.00872e-10
462.84 1.994888e-10
462.86 1.981298e-10
462.88 1.967954e-10
462.90 1.95486e-10
462.92 1.942014e-10
462.94 1.929416e-10
462.96 1.917066e-10
462.98 1.904964e-10
463.00 1.893106e-10
463.02 1.881492e-10
463.04 1.870118e-10
463.06 1.858984e-10
463.08 1.848084e-10
463.10 1.837418e-10
463.12 1.826982e-10
463.14 1.816776e-10
463.16 1.806798e-10
463.18 1.797048e-10
463.20 1.787524e-10
463.22 1.778226e-10
463.24 1.769152e-10
463.26 1.760306e-10
463.28 1.751684e-10
463.30 1.743288e-10
463.32 1.735118e-10
463.34 1.727174e-10
463.36 1.719456e-10
463.38 1.71196e-10
463.40 1.70469e-10
463.42 1.69764e-10
463.44 1.690812e-10
463.46 1.684204e-10
463.48 1.677814e-10
463.50 1.671638e-10
463.52 1.665678e-10
463.54 1.65993e-10
463.56 1.65439e-10
463.58 1.649058e-10
463.60 1.64393e-10
463.62 1.639002e-10
463.64 1.63427e-10
463.66 1.629732e-10
463.68 1.62538e-10
463.70 1.621212e-10
463.72 1.617226e-10
463.74 1.613418e-10
463.76 1.609786e-10
463.78 1.606332e-10
463.80 1.603052e-10
463.82 1.59995e-10
463.84 1.597024e-10
463.86 1.594274e-10
463.88 1.591698e-10
463.90 1.589298e-10
463.92 1.587068e-10
467.60 5.78306e-13
467.62 5.98942e-13
467.64 6.20362e-13
467.66 6.42592e-13
467.68 6.65652e-13
467.70 6.89568e-13
467.72 7.14366e-13
467.74 7.40068e-13
467.76 7.667e-13
467.78 7.94288e-13
467.80 8.22854e-13
467.82 8.52424e-13
467.84 8.83022e-13
467.86 9.14676e-13
467.88 9.47408e-13
467.90 9.81242e-13
467.92 1.016208e-12
467.94 1.052326e-12
467.96 1.089622e-12
467.98 1.128122e-12
468.00 1.16785e-12
468.02 1.208832e-12
468.04 1.251092e-12
468.06 1.294652e-12
468.08 1.33954e-12
468.10 1.385778e-12
468.12 1.43339e-12
468.14 1.482402e-12
468.16 1.532836e-12
468.18 1.584716e-12
468.20 1.638068e-12
468.22 1.692914e-12
468.24 1.749278e-12
468.26 1.807184e-12
468.28 1.866658e-12
468.30 1.927722e-12
468.32 1.990402e-12
468.34 2.05472e-12
468.36 2.1207e-12
468.38 2.18836e-12
468.40 2.25774e-12
468.42 2.32886e-12
468.44 2.40174e-12
468.46 2.4764e-12
468.48 2.55288e-12
468.50 2.63118e-12
468.52 2.71136e-12
468.54 2.79344e-12
468.56 2.87742e-12
468.58 2.96336e-12
468.60 3.05128e-12
468.62 3.14122e-12
468.64 3.2332e-12
468.66 3.32726e-12
468.68 3.42344e-12
468.70 3.52178e-12
468.72 3.6223e-12
468.74 3.72504e-12
468.76 3.83008e-12
468.78 3.9374e-12
468.80 4.04708e-12
468.82 4.15916e-12
468.84 4.27368e-12
468.86 4.86838e-12
468.88 5.00174e-12
468.90 5.138e-12
468.92 5.27722e-12
468.94 5.41944e-12
468.96 5.5647e-12
468.98 5.7131e-12
469.00 5.86464e-12
469.02 6.01938e-12
469.04 6.1774e-12
469.06 6.33872e-12
469.08 6.50342e-12
469.10 6.67152e-12
469.12 6.84308e-12
469.14 7.01816e-12
469.16 7.1968e-12
469.18 7.37904e-12
469.20 7.56496e-12
469.22 7.75458e-12
469.24 7.94796e-12
469.26 8.14514e-12
469.28 8.3462e-12
469.30 8.55118e-12
469.32 8.76012e-12
469.34 8.97308e-12
469.36 9.19014e-12
469.38 9.41132e-12
469.40 9.63672e-12
469.42 9.86638e-12
469.44 1.010038e-11
469.46 1.033878e-11
469.48 1.058166e-11
469.50 1.082906e-11
469.52 1.108106e-11
469.54 1.133776e-11
469.56 1.15992e-11
469.58 1.186548e-11
469.60 1.213664e-11
469.62 1.241278e-11
469.64 1.269398e-11
469.66 1.29803e-11
469.68 1.327182e-11
469.70 1.356862e-11
469.72 1.387076e-11
469.74 1.417836e-11
469.76 1.44915e-11
469.78 1.481024e-11
469.80 1.513468e-11
469.82 1.546494e-11
469.84 1.58011e-11
469.86 1.614328e-11
469.88 1.649158e-11
469.90 1.684612e-11
469.92 1.7207e-11
469.94 1.757438e-11
469.96 1.79484e-11
469.98 1.832916e-11
470.00 1.871682e-11
470.02 1.911156e-11
470.04 1.951354e-11
470.06 1.99229e-11
470.08 2.03398e-11
470.10 2.07646e-11
470.12 2.11972e-11
470.14 2.1638e-11
470.16 2.20872e-11
470.18 2.2545e-11
470.20 2.30114e-11
470.22 2.3487e-11
470.24 2.39718e-11
470.26 2.4466e-11
470.28 2.497e-11
470.30 2.5484e-11
470.32 2.60082e-11
470.34 2.65428e-11
470.36 2.70882e-11
470.38 2.76448e-11
470.40 2.82126e-11
470.42 2.87922e-11
470.44 2.93836e-11
470.46 2.99874e-11
470.48 3.06038e-11
470.50 3.12334e-11
470.52 3.1876e-11
470.54 3.25326e-11
470.56 3.3203e-11
470.58 3.3888e-11
470.60 3.45878e-11
470.62 3.53028e-11
470.64 3.60336e-11
470.66 3.67804e-11
470.68 3.75438e-11
470.70 3.8324e-11
470.72 3.91218e-11
470.74 3.99376e-11
470.76 4.07718e-11
470.78 4.16248e-11
470.80 4.24972e-11
470.82 4.33896e-11
470.84 4.43024e-11
470.86 4.5236e-11
470.88 4.61912e-11
470.90 4.71686e-11
470.92 4.81684e-11
470.94 4.91914e-11
470.96 5.0238e-11
470.98 5.13092e-11
471.00 5.24054e-11
471.02 5.35272e-11
471.04 5.46754e-11
471.06 5.58508e-11
471.08 5.70538e-11
471.10 5.82852e-11
471.12 5.9546e-11
471.14 6.08366e-11
471.16 6.2158e-11
471.18 6.3511e-11
471.20 6.48962e-11
471.22 6.63146e-11
471.24 6.7767e-11
471.26 6.92542e-11
471.28 7.07768e-11
471.30 7.23362e-11
471.32 7.39328e-11
471.34 7.5568e-11
471.36 7.72422e-11
471.38 7.89566e-11
471.40 8.07122e-11
471.42 8.25098e-11
471.44 8.43504e-11
471.46 8.6235e-11
471.48 9.184132e-11
471.50 9.387818e-11
471.52 9.596363999999999e-11
471.54 9.809896000000001e-11
471.56 1.0028522e-10
471.58 1.0252372e-10
471.60 1.048155e-10
471.62 1.0716186e-10
471.64 1.095643e-10
471.66 1.1202390000000001e-10
471.68 1.1454214e-10
471.70 1.1712054e-10
471.72 1.197604e-10
471.74 1.2246322e-10
471.76 1.252307e-10
471.78 1.2806416e-10
471.80 1.3096532e-10
471.82 1.339359e-10
471.84 1.3697744e-10
471.86 1.4009186e-10
471.88 1.432809e-10
471.90 1.465461e-10
471.92 1.498894e-10
471.94 1.5331278e-10
471.96 1.5681796000000002e-10
471.98 1.60407555296e-10
472.00 1.6408207186000002e-10
472.02 1.67843911128e-10
472.04 1.7169485317099998e-10
472.06 1.7563709806e-10
472.08 1.79672005859e-10
472.10 1.8380159663e-10
472.12 1.88027470434e-10
472.14 1.9235124733e-10
472.16 1.96774947382e-10
472.18 2.01300190654e-10
472.20 2.05928797218e-10
472.22 2.1066242714999999e-10
472.24 2.15502740539e-10
472.26 2.2045217748399998e-10
472.28 2.255110181e-10
472.30 2.30683542516e-10
472.32 2.35968030886e-10
472.34 2.4137080338e-10
472.36 2.4689014021000003e-10
472.38 2.525303816e-10
472.40 2.5829186781e-10
472.42 2.6417491914000004e-10
472.44 2.7018589593999997e-10
472.46 2.7632119859000003e-10
472.48 2.8258716750000005e-10
472.50 2.8898222318e-10
472.52 2.9550876615e-10
472.54 3.0216921699e-10
472.56 3.0896601638e-10
472.58 3.1589760501e-10
472.60 3.2297048368999997e-10
472.62 3.3018111326000004e-10
472.64 3.3753599465e-10
472.66 3.4503164888e-10
472.68 3.5267459704e-10
472.70 3.6046342029e-10
472.72 3.6840067991e-10
472.74 3.7648697723e-10
472.76 3.8472489370000003e-10
472.78 3.9311509086e-10
472.80 4.0165823032e-10
472.82 4.1035699383e-10
472.84 4.1921204321e-10
472.86 4.2822416038e-10
472.88 4.3739406738000003e-10
472.90 4.4672450633999996e-10
472.92 4.5621437949e-10
472.94 4.658664892000001e-10
472.96 4.756816378999999e-10
472.98 4.8565882815e-10
473.00 4.9580286263e-10
473.02 5.061107440999999e-10
473.04 5.165876754e-10
473.06 5.272302597000001e-10
473.08 5.380436998999999e-10
473.10 5.490291992e-10
473.12 5.601857611e-10
473.14 5.71518389e-10
473.16 5.830246863000001e-10
473.18 5.947114567e-10
473.20 6.06576104e-10
473.22 6.186260321e-10
473.24 6.30858245e-10
473.26 6.432783467e-10
473.28 6.558897415e-10
473.30 6.686920336e-10
473.32 6.816922275999999e-10
473.34 6.94890328e-10
473.36 7.082895395e-10
473.38 7.218936668000001e-10
473.40 7.357083148999999e-10
473.42 7.497330888000001e-10
473.44 7.639735936e-10
473.46 7.784316347e-10
473.48 7.931130172999999e-10
473.50 8.08021347e-10
473.52 8.231584294e-10
473.54 8.385300702000001e-10
473.56 8.541420753999999e-10
473.58 8.699960509e-10
473.60 8.861000027e-10
473.62 9.024575371e-10
473.64 9.190726604e-10
473.66 9.359509788999998e-10
473.68 9.530984992e-10
473.70 9.705190279e-10
473.72 9.882161715e-10
473.74 1.0061979369e-09
473.76 1.0244677309999998e-09
473.78 1.04302976e-09
473.80 1.0618894320000002e-09
473.82 1.081054353e-09
473.84 1.1005283309999999e-09
473.86 1.1203171719999998e-09
473.88 1.1404280839999999e-09
473.90 1.160868674e-09
473.92 1.1816445479999998e-09
473.94 1.202765114e-09
473.96 1.224233778e-09
473.98 1.2460577489999999e-09
474.00 1.268246631e-09
474.02 1.290803434e-09
474.04 1.313737362e-09
474.06 1.337052023e-09
474.08 1.360752022e-09
474.10 1.3848467669999999e-09
474.12 1.409341263e-09
474.14 1.4342401160000001e-09
474.16 1.4595507320000002e-09
474.18 1.485279316e-09
474.20 1.5114328729999998e-09
474.22 1.538019808e-09
474.24 1.5650465270000001e-09
474.26 1.592519433e-09
474.28 1.62044453e-09
474.30 1.648826023e-09
474.32 1.677673115e-09
474.34 1.7069900089999998e-09
474.36 1.736779308e-09
474.38 1.7670490159999998e-09
474.40 1.797799135e-09
474.42 1.829033666e-09
474.44 1.8607586120000002e-09
474.46 1.892975975e-09
474.48 1.925691755e-09
474.50 1.958907954e-09
474.52 1.9926285709999997e-09
474.54 2.026857609e-09
474.56 2.061599066e-09
474.58 2.0968569429999998e-09
474.60 2.13263324e-09
474.62 2.168927955e-09
474.64 2.205747087e-09
474.66 2.243088636e-09
474.68 2.280954601e-09
474.70 2.3193449790000005e-09
474.72 2.35826577e-09
474.74 2.397688971e-09
474.76 2.437658581e-09
474.78 2.478134597e-09
474.80 2.5191390180000003e-09
474.82 2.5606498409999997e-09
474.84 2.602687065e-09
474.86 2.645232687e-09
474.88 2.6882867049999997e-09
474.90 2.731827118e-09
474.92 2.77585392e-09
474.94 2.8203891200000002e-09
474.96 2.86539271e-09
474.98 2.9108446799999996e-09
475.00 2.95676504e-09
475.02 3.0031337900000003e-09
475.04 3.04991092e-09
475.06 3.09713844e-09
475.08 3.1447743500000002e-09
475.10 3.1928226400000003e-09
475.12 3.24126132e-09
475.14 3.29011238e-09
475.16 3.3393578300000004e-09
475.18 3.38897767e-09
475.20 3.4389738999999998e-09
475.22 3.48934652e-09
475.24 3.5400795300000002e-09
475.26 3.59113293e-09
475.28 3.64255073e-09
475.30 3.6942729300000003e-09
475.32 3.74629952e-09
475.34 3.79861451e-09
475.36 3.8512199100000005e-09
475.38 3.9040757199999996e-09
475.40 3.95720393e-09
475.42 4.0105645599999995e-09
475.44 4.06417961e-09
475.46 4.11801109e-09
475.48 4.17205899e-09
475.50 4.2263253400000006e-09
475.52 4.28079213e-09
475.54 4.33545937e-09
475.56 4.39031108e-09
475.58 4.44532926e-09
475.60 4.50051592e-09
475.62 4.55585308e-09
475.64 4.6113047499999994e-09
475.66 4.66689093e-09
475.68 4.72255964e-09
475.70 4.7783489e-09
475.72 4.8342027199999994e-09
475.74 4.89012511e-09
475.76 4.94609608e-09
475.78 5.00210166e-09
475.80 5.05816185e-09
475.82 5.11421667e-09
475.84 5.17027214e-09
475.86 5.226326280000001e-09
475.88 5.2823251e-09
475.90 5.33830663e-09
475.92 5.39423288e-09
475.94 5.45010787e-09
475.96 5.505913629999999e-09
475.98 5.56167017e-09
476.00 5.61734153e-09
476.02 5.67296972e-09
476.04 5.72851477e-09
476.06 5.784000709999999e-09
476.08 5.83938757e-09
476.10 5.89469937e-09
476.12 5.94992014e-09
476.14 6.00500791e-09
476.16 6.05998671e-09
476.18 6.114820569999999e-09
476.20 6.16949352e-09
476.22 6.22400559e-09
476.24 6.2783648099999995e-09
476.26 6.33253122e-09
476.28 6.38655484e-09
476.30 6.4404157e-09
476.32 6.494101839999999e-09
476.34 6.54763928e-09
476.36 6.601032059999999e-09
476.38 6.6542882e-09
476.40 6.7073917299999996e-09
476.42 6.7603486899999995e-09
476.44 6.81316911e-09
476.46 6.86583502e-09
476.48 6.91835245e-09
476.50 6.97071144e-09
476.52 7.02289201e-09
476.54 7.07492621e-09
476.56 7.1267740699999995e-09
476.58 7.17846763e-09
476.60 7.22998893e-09
476.62 7.281344e-09
476.64 7.33252289e-09
476.66 7.38354963e-09
476.68 7.434414259999999e-09
476.70 7.48514083e-09
476.72 7.53572138e-09
476.74 7.58618195e-09
476.76 7.63651459e-09
476.78 7.68674535e-09
476.80 7.73688626e-09
476.82 7.78695139e-09
476.84 7.83696878e-09
476.86 7.886906490000002e-09
476.88 7.93684655e-09
476.90 7.98674904e-09
476.92 8.036674e-09
476.94 8.086601489999999e-09
476.96 8.13655155e-09
476.98 8.18658425e-09
477.00 8.23665965e-09
477.02 8.2868378e-09
477.04 8.33711878e-09
477.06 8.387522640000001e-09
477.08 8.438069449999999e-09
477.10 8.4887993e-09
477.12 8.53973226e-09
477.14 8.59088841e-09
477.16 8.64230784e-09
477.18 8.693990650000001e-09
477.20 8.745956930000002e-09
477.22 8.79824678e-09
477.24 8.85088029e-09
477.26 8.90383758e-09
477.28 8.957198750000002e-09
477.30 9.01094392e-09
477.32 9.0651132e-09
477.34 9.119686700000001e-09
477.36 9.1747246e-09
477.38 9.2302069e-09
477.40 9.2861738e-09
477.42 9.3426255e-09
477.44 9.399622e-09
477.46 9.457163599999999e-09
477.48 9.5152502e-09
477.50 9.5739422e-09
477.52 9.6332396e-09
477.54 9.6931626e-09
477.56 9.753731200000001e-09
477.58 9.814965800000001e-09
477.60 9.8768664e-09
477.62 9.9394331e-09
477.64 1.00026662e-08
477.66 1.0066605899999999e-08
477.68 1.01312122e-08
477.70 1.01964854e-08
477.72 1.0262465699999999e-08
477.74 1.03291332e-08
477.76 1.03964882e-08
477.78 1.0464510800000001e-08
477.80 1.05332414e-08
477.82 1.06026599e-08
477.84 1.06727668e-08
477.86 1.0743582200000001e-08
477.88 1.08151463e-08
477.90 1.0887399300000002e-08
477.92 1.09604014e-08
477.94 1.10341729e-08
477.96 1.1108734e-08
477.98 1.1184085e-08
478.00 1.1260226e-08
478.02 1.13372773e-08
478.04 1.14151592e-08
478.06 1.14939519e-08
478.08 1.15736756e-08
478.10 1.1654370699999999e-08
478.12 1.1735997400000001e-08
478.14 1.18186359e-08
478.16 1.19022866e-08
478.18 1.1986969799999999e-08
478.20 1.20727456e-08
478.22 1.2159594499999999e-08
478.24 1.2247596799999999e-08
478.26 1.2336772599999999e-08
478.28 1.2427122399999999e-08
478.30 1.25187265e-08
478.32 1.26115852e-08
478.34 1.2705738900000001e-08
478.36 1.2801227800000001e-08
478.38 1.28980723e-08
478.40 1.29963128e-08
478.42 1.3095989699999999e-08
478.44 1.31971432e-08
478.46 1.32997938e-08
478.48 1.3404021799999999e-08
478.50 1.35098276e-08
478.52 1.3617311499999999e-08
478.54 1.3726494000000002e-08
478.56 1.38374553e-08
478.58 1.39501958e-08
478.60 1.4064796e-08
478.62 1.4181296e-08
478.64 1.42996764e-08
478.66 1.44200374e-08
478.68 1.4542319400000001e-08
478.70 1.4666542700000001e-08
478.72 1.4792767600000001e-08
478.74 1.4920934700000002e-08
478.76 1.50511241e-08
478.78 1.51832562e-08
478.80 1.5317411499999998e-08
478.82 1.54535703e-08
478.84 1.5591732899999997e-08
478.86 1.5731919699999997e-08
478.88 1.5874131099999998e-08
478.90 1.60183676e-08
478.92 1.61646094e-08
478.94 1.6312837e-08
478.96 1.64630508e-08
478.98 1.6615191199999998e-08
479.00 1.67692186e-08
479.02 1.69251134e-08
479.04 1.7082796000000003e-08
479.06 1.72422469e-08
479.08 1.74034063e-08
479.10 1.7566214800000002e-08
479.12 1.77306727e-08
479.14 1.78966803e-08
479.16 1.8064218e-08
479.18 1.8233206199999998e-08
479.20 1.8403605300000002e-08
479.22 1.8575335700000002e-08
479.24 1.87483179e-08
479.26 1.89224321e-08
479.28 1.90975989e-08
479.30 1.9273658799999998e-08
479.32 1.94505123e-08
479.34 1.96279997e-08
479.36 1.98059616e-08
479.38 1.99842385e-08
479.40 2.0162630799999998e-08
479.42 2.0340959e-08
479.44 2.05190635e-08
479.46 2.0696744799999998e-08
479.48 2.0873783e-08
479.50 2.1050039e-08
479.52 2.1225332e-08
479.54 2.1399484e-08
479.56 2.1572312999999997e-08
479.58 2.1743701e-08
479.60 2.1913428000000003e-08
479.62 2.2081373e-08
479.64 2.2247317e-08
479.66 2.24111e-08
479.68 2.2572541000000002e-08
479.70 2.2731439999999998e-08
479.72 2.2887598e-08
479.74 2.3040773e-08
479.76 2.3190747e-08
479.78 2.3337297e-08
479.80 2.3480204e-08
479.82 2.3619207999999998e-08
479.84 2.3754107e-08
479.86 2.3884701000000002e-08
479.88 2.4010689e-08
479.90 2.4132150000000002e-08
479.92 2.4248463e-08
479.94 2.4359848e-08
479.96 2.4465883999999998e-08
479.98 2.4566647999999998e-08
480.00 2.46619e-08
480.02 2.475128e-08
480.04 2.4835005000000002e-08
480.06 2.4912693999999998e-08
480.08 2.4984146e-08
480.10 2.5049579999999998e-08
480.12 2.5108614e-08
480.14 2.5161246e-08
480.16 2.5207494999999998e-08
480.18 2.5246978e-08
480.20 2.5279915e-08
480.22 2.5306303000000002e-08
480.24 2.532618e-08
480.26 2.5339145000000003e-08
480.28 2.5345835e-08
480.30 2.5345647e-08
480.32 2.5339201999999998e-08
480.34 2.5325915e-08
480.36 2.5306406e-08
480.38 2.5280253000000003e-08
480.40 2.5247513000000002e-08
480.42 2.5208544e-08
480.44 2.5162965e-08
480.46 2.5111195e-08
480.48 2.505323e-08
480.50 2.4989090000000002e-08
480.52 2.4918773e-08
480.54 2.4842678e-08
480.56 2.4760843e-08
480.58 2.4673447e-08
480.60 2.4580688000000003e-08
480.62 2.4482807000000003e-08
480.64 2.437996e-08
480.66 2.4272367000000002e-08
480.68 2.4160248e-08
480.70 2.4043559000000002e-08
480.72 2.3922701e-08
480.74 2.3797891e-08
480.76 2.366909e-08
480.78 2.3536515000000002e-08
480.80 2.3400545e-08
480.82 2.326098e-08
480.84 2.3117979000000002e-08
480.86 2.2971942e-08
480.88 2.2822927e-08
480.90 2.2671035e-08
480.92 2.2516426e-08
480.94 2.2359258e-08
480.96 2.2199693e-08
480.98 2.2037888000000003e-08
481.00 2.1873925e-08
481.02 2.1708002e-08
481.04 2.1540158999999997e-08
481.06 2.1370555e-08
481.08 2.119929e-08
481.10 2.1026444000000002e-08
481.12 2.0852075e-08
481.14 2.0676343e-08
481.16 2.0499268e-08
481.18 2.0320967999999997e-08
481.20 2.0141544e-08
481.22 1.9961073999999996e-08
481.24 1.9779637e-08
481.26 1.9597332e-08
481.28 1.9414259e-08
481.30 1.9230516e-08
481.32 1.9046163e-08
481.34 1.8861297e-08
481.36 1.8676037999999997e-08
481.38 1.8490364000000002e-08
481.40 1.8304415e-08
481.42 1.811821e-08
481.44 1.7931807e-08
481.46 1.7745266e-08
481.48 1.7558605e-08
481.50 1.7371903e-08
481.52 1.7185181e-08
481.54 1.6998517e-08
481.56 1.6811990000000002e-08
481.58 1.6625619999999997e-08
481.60 1.6439545999999998e-08
481.62 1.6253807e-08
481.64 1.6068504e-08
481.66 1.5883717e-08
481.68 1.5699563999999998e-08
481.70 1.5516087e-08
481.72 1.5333425e-08
481.74 1.5151619e-08
481.76 1.4970729000000002e-08
481.78 1.4790875000000001e-08
481.80 1.4612118e-08
481.82 1.4434479e-08
481.84 1.4258038000000002e-08
481.86 1.4082896000000001e-08
481.88 1.3909054e-08
481.90 1.3736613e-08
481.92 1.3565632999999998e-08
481.94 1.3396236e-08
481.96 1.3228442e-08
481.98 1.3062354000000002e-08
482.00 1.2898033e-08
482.02 1.2735579999999999e-08
482.04 1.2575018000000001e-08
482.06 1.2416468e-08
482.08 1.2259952e-08
482.10 1.2105531999999999e-08
482.12 1.1953291e-08
482.14 1.1803231e-08
482.16 1.1655433e-08
482.18 1.1509901e-08
482.20 1.1366715999999999e-08
482.22 1.1225879e-08
482.24 1.1087414e-08
482.26 1.0951401999999999e-08
482.28 1.0817844e-08
482.30 1.0686742999999999e-08
482.32 1.0558185e-08
482.34 1.0432128e-08
482.36 1.0308629e-08
482.38 1.0187676e-08
482.40 1.0069265e-08
482.42 9.953423e-09
482.44 9.840120000000001e-09
482.46 9.729346e-09
482.48 9.621114e-09
482.50 9.515371e-09
482.52 9.412106e-09
482.54 9.311290000000001e-09
482.56 9.212890000000001e-09
482.58 9.116871999999999e-09
482.60 9.023228e-09
482.62 8.931901e-09
482.64 8.842860999999999e-09
482.66 8.756096e-09
482.68 8.671549e-09
482.70 8.589191e-09
482.72 8.508993e-09
482.74 8.430919e-09
482.76 8.354943000000001e-09
482.78 8.281057999999998e-09
482.80 8.209174e-09
482.82 8.139327000000001e-09
482.84 8.071415e-09
482.86 8.00545e-09
482.88 7.941374999999999e-09
482.90 7.879189e-09
482.92 7.81879e-09
482.94 7.760204e-09
482.96 7.703373e-09
482.98 7.648239e-09
483.00 7.594787e-09
483.02 7.542962e-09
483.04 7.492747e-09
483.06 7.44409e-09
483.08 7.396957e-09
483.10 7.351295999999999e-09
483.12 7.307113e-09
483.14 7.264317e-09
483.16 7.222915000000001e-09
483.18 7.18288e-09
483.20 7.144162e-09
483.22 7.106733e-09
483.24 7.070597999999999e-09
483.26 7.035713e-09
483.28 7.002044e-09
483.30 6.969584e-09
483.32 6.938317000000001e-09
483.34 6.908215e-09
483.36 6.879262e-09
483.38 6.851446e-09
483.40 5.676629e-09
483.42 5.6545370000000005e-09
483.44 5.633449e-09
483.46 5.613354000000001e-09
483.48 5.594212e-09
483.50 5.5760249999999995e-09
483.52 5.5587349999999994e-09
483.54 5.542346e-09
483.56 5.526817e-09
483.58 5.512107e-09
483.60 5.498214e-09
483.62 5.485098e-09
483.64 5.472734e-09
483.66 5.461059e-09
483.68 5.450088e-09
483.70 5.439757999999999e-09
483.72 5.4300600000000006e-09
483.74 5.42093e-09
483.76 5.412385e-09
483.78 5.404379e-09
483.80 5.3968679999999996e-09
483.82 5.38985e-09
483.84 5.383320999999999e-09
483.86 5.3772250000000005e-09
483.88 5.371575999999999e-09
483.90 5.3663389999999996e-09
483.92 5.3615149999999996e-09
483.94 5.357047999999999e-09
483.96 5.352982000000001e-09
483.98 5.349258e-09
484.00 5.3458420000000004e-09
484.02 5.342762e-09
484.04 5.339985e-09
484.06 5.337498e-09
484.08 5.335268e-09
484.10 5.333289e-09
484.12 5.331527e-09
484.14 5.329996e-09
484.16 5.328685e-09
484.18 5.327529e-09
484.20 5.326576e-09
484.22 5.325762e-09
484.24 5.3250929999999996e-09
484.26 5.3245460000000006e-09
484.28 5.324105e-09
484.30 5.323781999999999e-09
484.32 5.323501e-09
484.34 5.323313e-09
484.36 5.32314e-09
484.38 5.322983999999999e-09
484.40 5.322827e-09
484.42 5.32265e-09
484.44 5.322406e-09
484.46 5.322113e-09
484.48 5.321705e-09
484.50 5.321169e-09
484.52 5.320499000000001e-09
484.54 5.319638000000001e-09
484.56 5.318578e-09
484.58 5.3173209999999995e-09
484.60 5.315797e-09
484.62 5.314005e-09
484.64 5.311935e-09
484.66 4.74635e-09
484.68 4.74349e-09
484.70 4.740322999999999e-09
484.72 4.736847e-09
484.74 4.733064e-09
484.76 4.728953e-09
484.78 4.724514000000001e-09
484.80 4.719748e-09
484.82 4.714634e-09
484.84 4.7091930000000005e-09
484.86 4.703384e-09
484.88 4.697227e-09
484.90 4.6907020000000006e-09
484.92 4.683829e-09
484.94 4.676607e-09
484.96 4.669016e-09
484.98 4.661056e-09
485.00 4.652767e-09
485.02 4.644147e-09
485.04 4.635196e-09
485.06 4.6259349999999995e-09
485.08 4.6163829999999994e-09
485.10 4.606539000000001e-09
485.12 4.596423e-09
485.14 4.586035e-09
485.16 4.575414e-09
485.18 4.564541e-09
485.20 4.553436e-09
485.22 4.542117e-09
485.24 4.530545999999999e-09
485.26 4.518782e-09
485.28 4.506805e-09
485.30 4.494635e-09
485.32 4.4822530000000004e-09
485.34 4.469697999999999e-09
485.36 4.456991e-09
485.38 4.4441309999999995e-09
485.40 4.43112e-09
485.42 4.418018e-09
485.44 4.404804e-09
485.46 4.39154e-09
485.48 4.378226e-09
485.50 4.364862e-09
485.52 4.351489e-09
485.54 4.338128e-09
485.56 4.3247989999999995e-09
485.58 4.311484e-09
485.60 4.2982219999999995e-09
485.62 4.2850560000000005e-09
485.64 4.271946e-09
485.66 4.258952999999999e-09
485.68 4.246058e-09
485.70 4.233322000000001e-09
485.72 4.220725e-09
485.74 4.20833e-09
485.76 4.196136e-09
485.78 4.184164000000001e-09
485.80 4.1724339999999994e-09
485.82 4.160967e-09
485.84 4.149803e-09
485.86 4.138922000000001e-09
485.88 4.128363e-09
485.90 4.118126e-09
485.92 4.10819e-09
485.94 4.098613999999999e-09
485.96 4.089337e-09
485.98 4.080397e-09
486.00 4.071793e-09
486.02 4.063483e-09
486.04 4.0555049999999994e-09
486.06 4.047819e-09
486.08 4.040442e-09
486.10 4.033372e-09
486.12 4.026568e-09
486.14 4.020048e-09
486.16 4.013791e-09
486.18 4.007795e-09
486.20 4.0020380000000006e-09
486.22 3.996499e-09
486.24 3.991178e-09
486.26 3.986071e-09
486.28 3.9811379999999995e-09
486.30 3.9763770000000006e-09
486.32 3.971766e-09
486.34 3.967283e-09
486.36 3.962928e-09
486.38 3.958676e-09
486.40 3.954527e-09
486.42 3.950457999999999e-09
486.44 3.946488e-09
486.46 3.942573e-09
486.48 3.938713e-09
486.50 3.934945e-09
486.52 3.931207e-09
486.54 3.927538e-09
486.56 3.923938e-09
486.58 3.920384e-09
486.60 3.916877e-09
486.62 3.913455e-09
486.64 3.91006e-09
486.66 3.906751e-09
486.68 3.9035089999999996e-09
486.70 3.900355e-09
486.72 3.897308e-09
486.74 3.894352e-09
486.76 3.891525e-09
486.78 3.888851e-09
486.80 3.8863099999999996e-09
486.82 3.8839440000000006e-09
486.84 3.8817739999999995e-09
486.86 3.879782e-09
486.88 3.878009e-09
486.90 3.876437e-09
486.92 3.875106999999999e-09
486.94 3.874021e-09
486.96 3.873160999999999e-09
486.98 3.872528e-09
487.00 3.872145000000001e-09
487.02 3.871991e-09
487.04 3.87207e-09
487.06 3.872362e-09
487.08 3.8729100000000004e-09
487.10 3.873674e-09
487.12 3.8746559999999995e-09
487.14 3.875877e-09
487.16 3.87728e-09
487.18 3.8789039999999995e-09
487.20 3.880693e-09
487.22 3.8826459999999996e-09
487.24 3.884746e-09
487.26 3.886973e-09
487.28 2.455966e-10
487.30 2.473672e-10
487.32 2.491766e-10
487.34 2.510254e-10
487.36 2.5291279999999997e-10
487.38 2.5483919999999997e-10
487.40 2.5680340000000003e-10
487.42 2.588052e-10
487.44 2.608454e-10
487.46 2.6292120000000003e-10
487.48 2.650336e-10
487.50 2.671812e-10
487.52 2.6936240000000003e-10
487.54 2.71578e-10
487.56 2.738264e-10
487.58 2.761064e-10
487.60 2.784174e-10
487.62 2.807584e-10
487.64 2.831276e-10
487.66 2.85524e-10
487.68 2.87947e-10
487.70 2.903946e-10
487.72 2.928666e-10
487.74 2.953604e-10
487.76 2.97875e-10
487.78 1.9791220713455998e-10
487.80 2.0107600722825002e-10
487.82 2.0423400738916001e-10
487.84 2.0738800762407e-10
487.86 2.1053400793945e-10
487.88 2.1367200834137e-10
487.90 2.1680200883545e-10
487.92 2.1992000942677e-10
487.94 2.2302801011979998e-10
487.96 2.2612601091839998e-10
487.98 2.2921001182560002e-10
488.00 2.322800128438e-10
488.02 2.353360139742e-10
488.04 2.383780152175e-10
488.06 2.414040165731e-10
488.08 2.444160180395e-10
488.10 2.4741001961399995e-10
488.12 2.503880212931e-10
488.14 2.533480230717e-10
488.16 2.562920249439e-10
488.18 2.592180269023e-10
488.20 2.621260289385e-10
488.22 2.650180310428e-10
488.24 2.678920332045e-10
488.26 2.707480354116e-10
488.28 2.735860376511e-10
488.30 2.764100399088e-10
488.32 2.792160421699e-10
488.34 2.820060444185e-10
488.36 2.84782046638e-10
488.38 2.875440488114e-10
488.40 2.902900509212e-10
488.42 2.9302605294959997e-10
488.44 2.957480548788e-10
488.46 2.9846005669120003e-10
488.48 3.011600583695e-10
488.50 3.03852059897e-10
488.52 3.0653606125789995e-10
488.54 3.092120624375e-10
488.56 3.1188406342239997e-10
488.58 3.145480642005e-10
488.60 3.1721006476179997e-10
488.62 3.19868065098e-10
488.64 3.225220652032e-10
488.66 3.251780650738e-10
488.68 3.278320647085e-10
488.70 3.30486064109e-10
488.72 3.331440632796e-10
488.74 3.358040622272e-10
488.76 3.38468060962e-10
488.78 3.411360594967e-10
488.80 3.43810057847e-10
488.82 3.4649205603119997e-10
488.84 3.491840540704e-10
488.86 3.518820519878e-10
488.88 3.545940498094e-10
488.90 3.5731604756299997e-10
488.92 3.600500452783e-10
488.94 3.6280004298669995e-10
488.96 3.655640407211e-10
488.98 3.6834403851539996e-10
489.00 3.7114003640470005e-10
489.02 3.739560344245e-10
489.04 3.7678803261089997e-10
489.06 3.79640031e-10
489.08 3.825120296281e-10
489.10 3.854020285312e-10
489.12 3.88314027745e-10
489.14 3.9124402730450004e-10
489.16 3.941920272444e-10
489.18 3.971600275985e-10
489.20 4.0014602839989997e-10
489.22 4.03150029681e-10
489.24 4.061680314734e-10
489.26 4.0920203380830003e-10
489.28 4.122500367159e-10
489.30 4.1530804022610004e-10
489.32 4.18378044368e-10
489.34 4.214540491707e-10
489.36 4.245380546628e-10
489.38 4.2762606087260004e-10
489.40 4.307180678285e-10
489.42 4.338080755587e-10
489.44 4.368980840914e-10
489.46 4.399840934549e-10
489.48 4.43066103677e-10
489.50 4.46138114787e-10
489.52 4.49200126813e-10
489.54 4.5225013978200003e-10
489.56 4.55288153722e-10
489.58 4.58308168659e-10
489.60 4.61312184619e-10
489.62 4.6429820162800005e-10
489.64 4.67262219707e-10
489.66 4.70204238879e-10
489.68 4.731242591610001e-10
489.70 4.76022280569e-10
489.72 4.78894303116e-10
489.74 4.817423268120001e-10
489.76 4.84566351661e-10
489.78 4.87366577664e-10
489.80 4.90142650578e-10
489.82 4.92892727495e-10
489.84 4.95622808421e-10
489.86 4.98328893238e-10
489.88 5.01012981744e-10
489.90 5.03679073712e-10
489.92 5.0632516881e-10
489.94 5.08955266645e-10
489.96 5.11567366859e-10
489.98 5.14165469052e-10
490.00 5.16751572865e-10
490.02 5.19323677938e-10
490.04 5.21887783973e-10
490.06 5.24443890775e-10
490.08 5.26995998155e-10
490.10 5.2954210603e-10
490.12 5.32086214405e-10
490.14 5.346323233399999e-10
490.16 5.371824329599999e-10
490.18 5.3973654348e-10
490.20 5.422986551500001e-10
490.22 5.4487276822e-10
490.24 5.474588829900001e-10
490.26 5.5006099977e-10
490.28 5.5268111884e-10
490.30 5.553192405099999e-10
490.32 5.5797736503e-10
490.34 5.6065949268e-10
490.36 5.6336162371e-10
490.38 5.660877584e-10
490.40 5.688378970699999e-10
490.42 5.7161004004e-10
490.44 5.7440418776e-10
490.46 5.7721834079e-10
490.48 5.800544997299999e-10
490.50 5.8290866539e-10
490.52 5.857788387399999e-10
490.54 5.8866702093e-10
490.56 5.9156921331e-10
490.58 5.9448341743e-10
490.60 5.9740963505e-10
490.62 6.0034586815e-10
490.64 6.032901188600001e-10
490.66 6.0624238949e-10
490.68 6.0920268248e-10
490.70 6.121670003199999e-10
490.72 6.1513534557e-10
490.74 6.1810572076e-10
490.76 6.2107612838e-10
490.78 6.2404457078e-10
490.80 6.270090500999999e-10
490.82 6.299655683000001e-10
490.84 6.329101270200001e-10
490.86 6.358407275900001e-10
490.88 6.38749371e-10
490.90 6.416340577699999e-10
490.92 6.444887880299999e-10
490.94 6.4730756143e-10
490.96 6.500843771200001e-10
490.98 6.5281123379e-10
491.00 6.554821296199999e-10
491.02 6.5809306231e-10
491.04 6.6063402919e-10
491.06 6.631010270700001e-10
491.08 6.654840525100001e-10
491.10 6.6777910174e-10
491.12 6.6997817068e-10
491.14 6.720732553999999e-10
491.16 6.740583514800001e-10
491.18 6.7592345502e-10
491.20 6.7766456174e-10
491.22 6.7927166806e-10
491.24 6.807347702999999e-10
491.26 6.820458653e-10
491.28 6.831969504e-10
491.30 6.8418002334e-10
491.32 6.849830823999999e-10
491.34 6.856001266e-10
491.36 6.860211550799999e-10
491.38 6.862421678e-10
491.40 6.8625316514e-10
491.42 6.860541478e-10
491.44 6.8563711648e-10
491.46 6.8500207244e-10
491.48 6.8414901666e-10
491.50 6.8307795004e-10
491.52 6.817928735600001e-10
491.54 6.802977874e-10
491.56 6.7859469192e-10
491.58 6.766895866399999e-10
491.60 6.745904710600001e-10
491.62 6.723033439e-10
491.64 6.6983220388e-10
491.66 6.6718704946e-10
491.68 6.643718788e-10
491.70 6.613946905800001e-10
491.72 6.582594836000001e-10
491.74 6.549742576e-10
491.76 6.515470132400001e-10
491.78 6.479837523200001e-10
491.80 6.442924783199999e-10
491.82 6.404811967400001e-10
491.84 6.3655991502e-10
491.86 6.325366429799999e-10
491.88 6.284213928e-10
491.90 6.2422617952e-10
491.92 6.1996302042e-10
491.94 6.156399352800001e-10
491.96 6.1126894642e-10
491.98 6.0686207814e-10
492.00 6.024253563e-10
492.02 5.9796880854e-10
492.04 5.935004631800001e-10
492.06 5.890283491e-10
492.08 5.8455449502e-10
492.10 5.8008492882e-10
492.12 5.756216772600001e-10
492.14 5.711687652600001e-10
492.16 5.667262152e-10
492.18 5.622960467000001e-10
492.20 5.578802757999999e-10
492.22 5.534789150000001e-10
492.24 5.490939724e-10
492.26 5.447274524000001e-10
492.28 5.403793541000001e-10
492.30 5.360556729e-10
492.32 5.317583993999999e-10
492.34 5.274875198e-10
492.36 5.232510166e-10
492.38 5.190508680999999e-10
492.40 5.148910494e-10
492.42 5.107755320999999e-10
492.44 5.067082860000001e-10
492.46 5.02695278e-10
492.48 4.987384743999999e-10
492.50 4.948418393999999e-10
492.52 4.910073356e-10
492.54 4.872409292000001e-10
492.56 4.83542583e-10
492.58 4.799182622e-10
492.60 4.763679324e-10
492.62 4.7289556e-10
492.64 4.69503115e-10
492.66 4.661945674000001e-10
492.68 4.629738908e-10
492.70 4.59841058e-10
492.72 4.5680004819999996e-10
492.74 4.538528396e-10
492.76 4.510034144e-10
492.78 4.4825375800000004e-10
492.80 4.4560585780000003e-10
492.82 4.430637042e-10
492.84 4.406292916e-10
492.86 4.3830261939999996e-10
492.88 4.360876886e-10
492.90 4.3398650680000003e-10
492.92 4.319970884e-10
492.94 4.301234512e-10
492.96 4.283656236e-10
492.98 4.2672163739999997e-10
493.00 4.251935374e-10
493.02 4.2377937600000006e-10
493.04 4.2247921719999995e-10
493.06 4.212911344e-10
493.08 4.20215217e-10
493.10 4.192495648e-10
493.12 4.18394293e-10
493.14 4.176495338e-10
493.16 4.170114336e-10
493.18 4.16480156e-10
493.20 4.160578828e-10
493.22 4.15742814e-10
493.24 4.155351674e-10
493.26 4.154351812e-10
493.28 4.154431102e-10
493.30 4.1555522860000003e-10
493.32 4.1577582560000006e-10
493.34 4.160992108e-10
493.36 4.165257076e-10
493.38 4.1705165260000003e-10
493.40 4.17677399e-10
493.42 4.18395309e-10
493.44 4.19205753e-10
493.46 4.20103114e-10
493.48 4.21081778e-10
493.50 4.22142131e-10
493.52 4.23274565e-10
493.54 4.2447946599999995e-10
493.56 4.2574921899999995e-10
493.58 4.27080196e-10
493.60 4.28466762e-10
493.62 4.29907266e-10
493.64 4.31392045e-10
493.66 4.32915416e-10
493.68 4.34469676e-10
493.70 4.3604710500000004e-10
493.72 4.37637963e-10
493.74 4.3923049e-10
493.76 4.4081290800000005e-10
493.78 4.42377423e-10
493.80 4.43906226e-10
493.82 4.45391496e-10
493.84 4.4681541e-10
493.86 4.4816410999999994e-10
493.88 4.494258e-10
493.90 4.5058662000000003e-10
493.92 4.5163274e-10
493.94 4.5255238e-10
493.96 4.5333572e-10
493.98 4.5397098e-10
494.00 4.5444846e-10
494.02 4.5476043e-10
494.04 4.5489921e-10
494.06 4.548552e-10
494.08 4.5462282000000003e-10
494.10 4.5419654000000004e-10
494.12 4.5357289e-10
494.14 4.5274644999999997e-10
494.16 4.5170987999999997e-10
494.18 4.5046391e-10
494.20 4.4900132e-10
494.22 4.4731897999999997e-10
494.24 4.4541185e-10
494.26 4.4327497e-10
494.28 4.4090350999999997e-10
494.30 4.3829468e-10
494.32 4.3544191e-10
494.34 4.3234268999999997e-10
494.36 4.2899263999999996e-10
494.38 4.2538954e-10
494.40 4.215374e-10
494.42 4.1743429e-10
494.44 4.1308857000000006e-10
494.46 4.0850475e-10
494.48 4.0369552e-10
494.50 3.9867189e-10
494.52 3.9344904e-10
494.54 3.8804440000000004e-10
494.56 3.8247772e-10
494.58 3.7677098e-10
494.60 3.7094442e-10
494.62 3.6502465999999997e-10
494.64 3.5903857e-10
494.66 3.5301343e-10
494.68 3.4697458e-10
494.70 3.4095825000000004e-10
494.72 3.3499462e-10
494.74 3.2911624e-10
494.76 3.2336212000000004e-10
494.78 3.1777006e-10
494.80 3.1237387000000005e-10
494.82 3.0721560000000004e-10
494.84 3.02336e-10
494.86 2.9777019999999996e-10
494.88 2.9355940000000003e-10
494.90 2.8973949999999997e-10
494.92 2.8634649999999997e-10
494.94 2.8341489999999997e-10
494.96 2.809732e-10
494.98 2.790501e-10
495.00 2.776693e-10
495.02 2.7685420000000003e-10
495.04 2.766198e-10
495.06 2.769804e-10
495.08 2.779454e-10
495.10 2.795207e-10
495.12 2.8170919999999995e-10
495.14 2.845105e-10
495.16 2.879225e-10
495.18 2.919412e-10
495.20 2.965616e-10
495.22 3.0177819999999996e-10
495.24 3.0758559999999996e-10
495.26 3.139782e-10
495.28 3.209525e-10
495.30 3.285046e-10
495.32 3.366331e-10
495.34 3.4533769999999996e-10
495.36 3.546201e-10
495.38 3.644832e-10
495.40 3.7493259999999997e-10
495.42 3.8597550000000006e-10
495.44 3.9762109999999996e-10
495.46 4.0988059999999997e-10
495.48 4.2276769999999997e-10
495.50 4.3629509999999997e-10
495.52 4.50483e-10
495.54 4.653481e-10
495.56 4.809097e-10
495.58 4.971933e-10
495.60 5.142171999999999e-10
495.62 5.320113e-10
495.64 5.50602e-10
495.66 5.700149709666e-10
495.68 5.902817716616e-10
495.70 6.114363724504e-10
495.72 6.335116733459e-10
495.74 6.565447743531001e-10
495.76 6.805743754675999e-10
495.78 7.05643176675e-10
495.80 7.317915779506e-10
495.82 7.590643792601001e-10
495.84 7.875082805608e-10
495.86 8.171744818034999e-10
495.88 8.481081829352001e-10
495.90 8.803635839018001e-10
495.92 9.139985846513e-10
495.94 9.490681851373e-10
495.96 9.856346853218e-10
495.98 1.0237616851783e-09
496.00 1.0635244846938998e-09
496.02 1.1049928838709e-09
496.04 1.1482486827277e-09
496.06 1.1933729812988001e-09
496.08 1.2404516796338e-09
496.10 1.2895697777959e-09
496.12 1.3408199758588e-09
496.14 1.3942904739044999e-09
496.16 1.4500662720188e-09
496.18 1.5082388702885e-09
496.20 1.5688952687969002e-09
496.22 1.632122267621e-09
496.24 1.6980035668281e-09
496.26 1.7666318664735998e-09
496.28 1.8380935665995e-09
496.30 1.9124825672336e-09
496.32 1.9898941683899e-09
496.34 2.0704316700697e-09
496.36 2.1541932722631003e-09
496.38 2.2412889749518e-09
496.40 2.3318192781119e-09
496.42 2.4259176817169e-09
496.44 2.5236528857400996e-09
496.46 2.6251346901579e-09
496.48 2.7304708949511e-09
496.50 2.839749600107e-09
496.52 2.9530572056170002e-09
496.54 3.07047851148e-09
496.56 3.192078017699e-09
496.58 3.317978524276e-09
496.60 3.4482020312109997e-09
496.62 3.582909538501e-09
496.64 3.7221418461289998e-09
496.66 3.866039354067e-09
496.68 4.0146824622690005e-09
496.70 4.1682117706700004e-09
496.72 4.326768679183e-09
496.74 4.490435287699e-09
496.76 4.659353896089999e-09
496.78 4.833668604213e-09
496.80 5.013463211909001e-09
496.82 5.1988827190159994e-09
496.84 5.390012025372e-09
496.86 5.587015930825e-09
496.88 5.789999035242e-09
496.90 5.9991058385180005e-09
496.92 6.214439940584e-09
496.94 6.436163941417e-09
496.96 6.664399541044001e-09
496.98 6.899327939549e-09
497.00 7.141088837078e-09
497.02 7.389801433833e-09
497.04 7.645624030080999e-09
497.06 7.908614026141e-09
497.08 8.178909122384999e-09
497.10 8.456526019227e-09
497.12 8.741481817117e-09
497.14 9.033752816531e-09
497.16 9.333295717957998e-09
497.18 9.640007821894e-09
497.20 9.953765728830001e-09
497.22 1.0274386639244e-08
497.24 1.0601708153593e-08
497.26 1.0935487672306e-08
497.28 1.127552309578e-08
497.30 1.1462974824377001e-08
497.32 1.1814719758422e-08
497.34 1.2171941398201e-08
497.36 1.2534318719351001e-08
497.38 1.2901529568149001e-08
497.40 1.3273193222664e-08
497.42 1.364894868337e-08
497.44 1.4028354950727e-08
497.46 1.4410971425139e-08
497.48 1.4796317106941998e-08
497.50 1.5183911596372e-08
497.52 1.5573214093552e-08
497.54 1.5963723998487998e-08
497.56 1.6354880911046e-08
497.58 1.674614423096e-08
497.60 1.7137013357842e-08
497.62 1.7527027591194e-08
497.64 1.7915806530426e-08
497.66 1.8303029374904e-08
497.68 1.8688415523942e-08
497.70 1.9071804356860004e-08
497.72 1.9453055123038e-08
497.74 1.9831987221928e-08
497.76 2.0208580013102e-08
497.78 2.058231292628e-08
497.80 2.0953245411406e-08
497.82 2.1320576988624e-08
497.84 2.1684107208353997e-08
497.86 2.2042635731302002e-08
497.88 2.2395562268488e-08
497.90 2.2741686641238e-08
497.92 2.3079608751276e-08
497.94 2.3408128600623997e-08
497.96 2.3726046241705998e-08
497.98 2.4031761847298e-08
498.00 2.4324075580517998e-08
498.02 2.4601387664836e-08
498.04 2.4862498354054e-08
498.06 2.5106607872302e-08
498.08 2.5332716463953997e-08
498.10 2.5539824363688e-08
498.12 2.5727531776366e-08
498.14 2.5894838877076e-08
498.16 2.6041345811056e-08
498.18 2.6166252693647998e-08
498.20 2.6268759590325995e-08
498.22 2.6347866506578002e-08
498.24 2.6402773437994e-08
498.26 2.6432680349992002e-08
498.28 2.6436587208158e-08
498.30 2.6413893988102e-08
498.32 2.6364000685008e-08
498.34 2.6286507324442002e-08
498.36 2.6181613961655995e-08
498.38 2.6049720691687997e-08
498.40 2.5891627599762002e-08
498.42 2.5708934810774e-08
498.44 2.5502842439781997e-08
498.46 2.5275550591487997e-08
498.48 2.5028859370610002e-08
498.50 2.4764968881852004e-08
498.52 2.4485879249881995e-08
498.54 2.4192990629489995e-08
498.56 2.3887703175268e-08
498.58 2.3571017122378e-08
498.60 2.3243532696134e-08
498.62 2.2905250172294e-08
498.64 2.2556369837351998e-08
498.66 2.2196691938654e-08
498.68 2.1825816734717997e-08
498.70 2.1443944425256e-08
498.72 2.1051075201822003e-08
498.74 2.0647809187952e-08
498.76 2.0235146469408e-08
498.78 1.9813907104525998e-08
498.80 1.9385831134758e-08
498.82 1.8952438604404e-08
498.84 1.8515449551325998e-08
498.86 1.8076524027260003e-08
498.88 1.7637122117002e-08
498.90 1.7198543910486e-08
498.92 1.6761789520148004e-08
498.94 1.632763906347e-08
498.96 1.5896692631921996e-08
498.98 1.5469410270916e-08
499.00 1.5046251978734e-08
499.02 1.4627777749496e-08
499.04 1.4214607519118e-08
499.06 1.3807561237302e-08
499.08 1.3407618888546e-08
499.10 1.3015780469164e-08
499.12 1.2633166028345999e-08
499.14 1.226079563122e-08
499.16 1.1899609362946e-08
499.18 1.1550367262797999e-08
499.20 1.121366935326e-08
499.22 1.0889955618116001e-08
499.24 1.0579486047522e-08
499.26 1.0282440621055999e-08
499.28 9.99887933274e-09
499.30 9.728882240042e-09
499.32 9.472489414828e-09
499.34 9.229780928308e-09
499.36 9.000796819936001e-09
499.38 8.785617111306e-09
499.40 8.584281769028e-09
499.42 8.396790723618e-09
499.44 8.22308393338e-09
499.46 8.06310140136e-09
499.48 7.916770702219998e-09
499.50 7.78370269288e-09
499.52 7.663801118919997e-09
499.54 7.55688604784e-09
499.56 7.4627375043e-09
499.58 7.3811354613799995e-09
499.60 7.31181975834e-09
499.62 7.254450288480001e-09
499.64 7.20862695106e-09
499.66 7.1738096522e-09
499.68 7.149338388979999e-09
499.70 7.13443310404e-09
499.72 7.1281937967e-09
499.74 7.129620426779999e-09
499.76 7.1376329065800005e-09
499.78 7.1511312107200005e-09
499.80 7.16895536202e-09
499.82 7.1900654812199995e-09
499.84 7.213441786840001e-09
499.86 7.23820461098e-09
499.88 7.2636143871600005e-09
499.90 7.289091610160001e-09
499.92 7.314216876e-09
499.94 7.33873085786e-09
499.96 7.362594342140001e-09
499.98 7.38584820462e-09
500.00 7.4087534385e-09
500.02 7.4315110787799996e-09
500.04 7.454422256399999e-09
500.06 7.477608190200001e-09
500.08 7.501170176e-09
500.10 7.5250696942e-09
500.12 7.549128331800002e-09
500.14 7.5731478098e-09
500.16 7.5968899596e-09
500.18 7.620136714799999e-09
500.20 7.6427099888e-09
500.22 7.6644917584e-09
500.24 7.6853440588e-09
500.26 7.7051889208e-09
500.28 7.723868488e-09
500.30 7.741084866000002e-09
500.32 7.756500577399999e-09
500.34 7.7695377758e-09
500.36 7.779579169600001e-09
500.38 7.7858473972e-09
500.40 7.787525612799999e-09
500.42 7.783756761e-09
500.44 7.773724006400001e-09
500.46 7.7567106234e-09
500.48 7.7321998104e-09
500.50 7.699834701400001e-09
500.52 7.659558752800001e-09
500.54 7.611595310399999e-09
500.56 7.556408293999999e-09
500.58 7.494701613e-09
500.60 7.427359848600001e-09
500.62 7.3554474698e-09
500.64 7.2800894616e-09
500.66 7.2024507195999994e-09
500.68 7.123596395399999e-09
500.70 7.0444320390000005e-09
500.72 6.965623339999999e-09
500.74 6.88765631e-09
500.76 6.81083745e-09
500.78 6.735453398e-09
500.80 6.661811136e-09
500.82 6.590318042000001e-09
500.84 6.521481695999999e-09
500.86 6.455930512e-09
500.88 6.394393044e-09
500.90 6.337558592000001e-09
500.92 6.286036904e-09
500.94 6.240318114e-09
500.96 6.200752422000001e-09
500.98 6.167410832e-09
501.00 6.140204421999999e-09
501.02 6.118804832e-09
501.04 6.102764331999999e-09
501.06 6.091355702e-09
501.08 6.083772481999999e-09
501.10 6.0790466460000004e-09
501.12 6.076194844e-09
501.14 6.074309946e-09
501.16 6.072549068000001e-09
501.18 6.070186615999999e-09
501.20 6.066620308e-09
501.22 6.061328058e-09
501.24 6.053807938000001e-09
501.26 6.0435600380000005e-09
501.28 6.030282702e-09
501.30 6.0137772520000005e-09
501.32 5.994165458e-09
501.34 5.9718293100000005e-09
501.36 5.947413018e-09
501.38 5.9217412e-09
501.40 5.895698366e-09
501.42 5.870113640000001e-09
501.44 5.845573954e-09
501.46 5.82240794e-09
501.48 5.80054751e-09
501.50 5.7795448019999994e-09
501.52 5.758472304e-09
501.54 5.736146370000001e-09
501.56 5.71128139e-09
501.58 5.682696626e-09
501.60 5.64962858e-09
501.62 5.611937624e-09
501.64 5.570165476e-09
501.66 5.525395039999999e-09
501.68 5.479070492e-09
501.70 5.432639362e-09
501.72 5.3874687460000005e-09
501.74 5.344710028000001e-09
501.76 5.298839446e-09
501.78 5.263443353999999e-09
501.80 5.232638136e-09
501.82 5.206800505999999e-09
501.84 5.1860089879999995e-09
501.86 5.170142398e-09
501.88 5.15904347e-09
501.90 5.1525144e-09
501.92 5.15058032e-09
501.94 5.153407100000001e-09
501.96 5.161322900000001e-09
501.98 5.17475758e-09
502.00 5.1941624199999986e-09
502.02 5.21995486e-09
502.04 5.25245416e-09
502.06 5.29196408e-09
502.08 5.338596919999999e-09
502.10 5.392405860000001e-09
502.12 5.4532163400000006e-09
502.14 5.52046548e-09
502.16 5.5933315600000005e-09
502.18 5.67064562e-09
502.20 5.751049719999999e-09
502.22 5.83318944e-09
502.24 5.9158091e-09
502.26 5.998029720000001e-09
502.28 6.0791896999999995e-09
502.30 6.1591326200000005e-09
502.32 6.2378728399999995e-09
502.34 6.315848820000001e-09
502.36 6.393668479999999e-09
502.38 6.47234324e-09
502.40 6.5530676800000004e-09
502.42 6.637146459999999e-09
502.44 6.72583884e-09
502.46 6.820134860000001e-09
502.48 6.92069774e-09
502.50 7.02771288e-09
502.52 7.14106772e-09
502.54 7.2604522999999996e-09
502.56 7.3854908199999994e-09
502.58 7.5159191e-09
502.60 7.65160658e-09
502.62 7.79257648e-09
502.64 7.93895474e-09
502.66 8.091073120000001e-09
502.68 8.2493463e-09
502.70 8.41443262e-09
502.72 8.58721728e-09
502.74 8.76878816e-09
502.76 8.9603508e-09
502.78 9.163214200000001e-09
502.80 9.3786202e-09
502.82 9.607750999999999e-09
502.84 9.851630800000001e-09
502.86 1.0111010799999999e-08
502.88 1.03863866e-08
502.90 1.0677915e-08
502.92 1.0985368e-08
502.94 1.1308214200000002e-08
502.96 1.16457108e-08
502.98 1.19969084e-08
503.00 1.23609412e-08
503.02 1.2736838e-08
503.04 1.31238188e-08
503.06 1.352115e-08
503.08 1.3928130400000001e-08
503.10 1.4344175000000002e-08
503.12 1.47686192e-08
503.14 1.5200917e-08
503.16 1.56408224e-08
503.18 1.60886524e-08
503.20 1.65458118e-08
503.22 1.70149082e-08
503.24 1.74996774e-08
503.26 1.8004509599999997e-08
503.28 1.8533781800000002e-08
503.30 1.90911826e-08
503.32 1.96797634e-08
503.34 2.03018642e-08
503.36 2.09598584e-08
503.38 2.16548426e-08
503.40 2.23838008e-08
503.42 2.31388154e-08
503.44 2.3910301399999997e-08
503.46 2.4695389e-08
503.48 2.5501201200000002e-08
503.50 2.63366088e-08
503.52 2.7199866400000002e-08
503.54 2.80748488e-08
503.56 2.8945715000000002e-08
503.58 2.9822504e-08
503.60 3.07639046e-08
503.62 3.1882335999999995e-08
503.64 3.33119572e-08
503.66 3.5130338e-08
503.68 3.7266998e-08
503.70 3.94918074e-08
503.72 4.1552137399999995e-08
503.74 4.33728994e-08
503.76 4.5108776e-08
503.78 4.69283714e-08
503.80 4.870557e-08
503.82 4.995987e-08
503.84 5.017474e-08
503.86 4.922594e-08
503.88 4.7509474e-08
503.90 4.5664218e-08
503.92 4.4176712e-08
503.94 4.3209465999999996e-08
503.96 4.2706366e-08
503.98 4.257302e-08
504.00 4.2753454e-08
504.02 4.3204244000000006e-08
504.04 4.38646e-08
504.06 4.466653e-08
504.08 4.5557294e-08
504.10 4.6505067999999994e-08
504.12 4.7493422e-08
504.14 4.8516352e-08
504.16 4.9576981999999995e-08
504.18 5.0681658e-08
504.20 5.1833672e-08
504.22 5.303068e-08
504.24 5.426895e-08
504.26 5.554631e-08
504.28 5.686189400000001e-08
504.30 5.8214784000000006e-08
504.32 5.960382800000001e-08
504.34 6.102772e-08
504.36 6.2485618e-08
504.38 6.3977308e-08
504.40 6.550298e-08
504.42 6.7062772e-08
504.44 6.8657784e-08
504.46 7.0288566e-08
504.48 7.1955528e-08
504.50 7.3659248e-08
504.52 7.5399588e-08
504.54 7.7177154e-08
504.56 7.8992612e-08
504.58 8.0846458e-08
504.60 8.2739484e-08
504.62 8.4671908e-08
504.64 8.6644928e-08
504.66 8.865859999999999e-08
504.68 9.0713442e-08
504.70 9.2809888e-08
504.72 9.494804000000001e-08
504.74 9.712781999999999e-08
504.76 9.935001999999999e-08
504.78 1.0161458000000001e-07
504.80 1.0392128e-07
504.82 1.0627118e-07
504.84 1.0866412000000001e-07
504.86 1.1110105999999999e-07
504.88 1.1358202e-07
504.90 1.1610781999999999e-07
504.92 1.1867928000000001e-07
504.94 1.2129626e-07
504.96 1.239586e-07
504.98 1.2666612e-07
505.00 1.2941764e-07
505.02 1.3221248e-07
505.04 1.350491e-07
505.06 1.3792595999999997e-07
505.08 1.4084118000000003e-07
505.10 1.4379342e-07
505.12 1.467805e-07
505.14 1.4980073e-07
505.16 1.5285303999999999e-07
505.18 1.5593615999999997e-07
505.20 1.5904939000000002e-07
505.22 1.6219238e-07
505.24 1.6536529999999998e-07
505.26 1.6856864e-07
505.28 1.7180235e-07
505.30 1.7506626e-07
505.32 1.7836062e-07
505.34 1.8168527999999999e-07
505.36 1.8503968e-07
505.38 1.8842383e-07
505.40 1.918359e-07
505.42 1.9527429e-07
505.44 1.9873669999999999e-07
505.46 2.0221979e-07
505.48 2.0572135000000002e-07
505.50 2.0923784999999997e-07
505.52 2.1276678e-07
505.54 2.1630548e-07
505.56 2.1985123000000001e-07
505.58 2.2339419e-07
505.60 2.2694851000000005e-07
505.62 2.3050461999999998e-07
505.64 2.3406349999999998e-07
505.66 2.3762717999999998e-07
505.68 2.4119812e-07
505.70 2.4477939e-07
505.72 2.4837236000000003e-07
505.74 2.5197945e-07
505.76 2.5560111999999997e-07
505.78 2.5923794000000003e-07
505.80 2.6288967e-07
505.82 2.6655308e-07
505.84 2.7022503e-07
505.86 2.7389901e-07
505.88 2.7756837999999996e-07
505.90 2.812271e-07
505.92 2.8487086e-07
505.94 2.8849681000000004e-07
505.96 2.9210485e-07
505.98 2.9569533999999996e-07
506.00 2.9926998e-07
506.02 3.0282929999999997e-07
506.04 3.0637431999999996e-07
506.06 3.099053e-07
506.08 3.1342137e-07
506.10 3.1692057e-07
506.12 3.203992e-07
506.14 3.2385129e-07
506.16 3.2727121e-07
506.18 3.306524e-07
506.20 3.3398886000000004e-07
506.22 3.3727651000000006e-07
506.24 3.4051201e-07
506.26 3.4369212e-07
506.28 3.4681484e-07
506.30 3.4987703e-07
506.32 3.5287635999999995e-07
506.34 3.5581015999999995e-07
506.36 3.5867304e-07
506.38 3.6146230999999997e-07
506.40 3.6417046000000004e-07
506.42 3.667951e-07
506.44 3.6932752000000004e-07
506.46 3.7176816000000005e-07
506.48 3.7411863e-07
506.50 3.7638345999999994e-07
506.52 3.7856975999999996e-07
506.54 3.8068415999999994e-07
506.56 3.8273316e-07
506.58 3.847148e-07
506.60 3.8663112e-07
506.62 3.8847977e-07
506.64 3.9025283000000004e-07
506.66 3.9195052e-07
506.68 3.9356938e-07
506.70 3.9510680999999996e-07
506.72 3.9656491e-07
506.74 3.9794196000000004e-07
506.76 3.9923483000000006e-07
506.78 4.0044331000000005e-07
506.80 4.0156704e-07
506.82 4.0261e-07
506.84 4.0358449e-07
506.86 4.0450252e-07
506.88 4.0537496000000003e-07
506.90 4.0621750000000003e-07
506.92 4.0704026e-07
506.94 4.0785175e-07
506.96 4.0866228999999995e-07
506.98 4.0949611e-07
507.00 4.1037612e-07
507.02 4.1133054999999995e-07
507.04 4.123946e-07
507.06 4.1360301e-07
507.08 4.1498434000000005e-07
507.10 4.1657032e-07
507.12 4.1839536e-07
507.14 4.204967e-07
507.16 4.2292367e-07
507.18 4.2573204e-07
507.20 4.289797e-07
507.22 4.3272897e-07
507.24 4.3703928e-07
507.26 4.4196647999999997e-07
507.28 4.4756380999999997e-07
507.30 4.5387665e-07
507.32 4.6095146e-07
507.34 4.6882440999999994e-07
507.36 4.775310000000001e-07
507.38 4.8709504e-07
507.40 4.9753632e-07
507.42 5.0886355e-07
507.44 5.210754600000001e-07
507.46 5.3416423e-07
507.48 5.481112e-07
507.50 5.628945399999999e-07
507.52 5.7847682e-07
507.54 5.9481467e-07
507.56 6.118522900000001e-07
507.58 6.295107199999999e-07
507.60 6.4769218e-07
507.62 6.6627469e-07
507.64 6.851174e-07
507.66 7.0405673e-07
507.68 7.229234699999999e-07
507.70 7.415387599999999e-07
507.72 7.597248e-07
507.74 7.772908299999999e-07
507.76 7.9404349e-07
507.78 8.0976939e-07
507.80 8.242426100000001e-07
507.82 8.372261e-07
507.84 8.4848886e-07
507.86 8.5781372e-07
507.88 8.649914599999999e-07
507.90 8.698223199999999e-07
507.92 8.7210784e-07
507.94 8.7164876e-07
507.96 8.682608700000001e-07
507.98 8.617864300000001e-07
508.00 8.521296799999999e-07
508.02 8.392620399999999e-07
508.04 8.232165500000001e-07
508.06 8.0409643e-07
508.08 7.820453400000001e-07
508.10 7.5726993e-07
508.12 7.300255599999999e-07
508.14 7.0065063e-07
508.16 6.6956284e-07
508.18 6.3725974e-07
508.20 6.042945100000001e-07
508.22 5.7124789e-07
508.24 5.3870375e-07
508.26 5.072252400000001e-07
508.28 4.7734621e-07
508.30 4.4954326999999994e-07
508.32 4.2423002e-07
508.34 4.0173632e-07
508.36 3.8229447999999996e-07
508.38 3.6604026999999993e-07
508.40 3.5301678e-07
508.42 3.431828e-07
508.44 3.3641849999999995e-07
508.46 3.3253442000000007e-07
508.48 3.3127873999999997e-07
508.50 3.3234755e-07
508.52 3.353965e-07
508.54 3.4005194000000003e-07
508.56 3.4592527999999995e-07
508.58 3.5262469e-07
508.60 3.5976808e-07
508.62 3.66993e-07
508.64 3.7396151e-07
508.66 3.8036463999999994e-07
508.68 3.8591952999999994e-07
508.70 3.9038176e-07
508.72 3.9354364e-07
508.74 3.9525283000000004e-07
508.76 3.9540341000000004e-07
508.78 3.9393762999999997e-07
508.80 3.90839e-07
508.82 3.8613391999999996e-07
508.84 3.7988935e-07
508.86 3.7222007e-07
508.88 3.6328376e-07
508.90 3.5327114e-07
508.92 3.4239048e-07
508.94 3.3085953000000003e-07
508.96 3.1890413e-07
508.98 3.0675865e-07
509.00 2.9466111e-07
509.02 2.8283957999999997e-07
509.04 2.7148912e-07
509.06 2.6075278000000003e-07
509.08 2.5071814999999997e-07
509.10 2.4142622e-07
509.12 2.3289279e-07
509.14 2.2512487000000003e-07
509.16 2.1812907000000002e-07
509.18 2.1191140999999998e-07
509.20 2.0647044e-07
509.22 2.0179058999999998e-07
509.24 1.9784222e-07
509.26 1.9458146e-07
509.28 1.9194894999999997e-07
509.30 1.8986483e-07
509.32 1.8822412e-07
509.34 1.8690248e-07
509.36 1.8576543000000002e-07
509.38 1.8468993e-07
509.40 1.8357794e-07
509.42 1.8236013000000002e-07
509.44 1.8099663000000002e-07
509.46 1.7947326999999998e-07
509.48 1.7780112e-07
509.50 1.7601978e-07
509.52 1.7419239e-07
509.54 1.7239557e-07
509.56 1.7070055e-07
509.58 1.6916341800000002e-07
509.60 1.67817908e-07
509.62 1.6667540600000002e-07
509.64 1.6572607400000001e-07
509.66 1.64936097e-07
509.68 1.6425126600000002e-07
509.70 1.63609654e-07
509.72 1.62954836e-07
509.74 1.62249902e-07
509.76 1.61475933e-07
509.78 1.6063005600000002e-07
509.80 1.5972364099999998e-07
509.82 1.58787328e-07
509.84 1.5787226e-07
509.86 1.57044281e-07
509.88 1.5636946700000002e-07
509.90 1.5590403700000002e-07
509.92 1.5568433900000002e-07
509.94 1.5571979000000003e-07
509.96 1.55977468e-07
509.98 1.56371227e-07
510.00 1.56769813e-07
510.02 1.5702661099999999e-07
510.04 1.5701260500000003e-07
510.06 1.5663125e-07
510.08 1.55803271e-07
510.10 1.54449627e-07
510.12 1.5249052900000002e-07
510.14 1.4987061399999998e-07
510.16 1.4658239999999998e-07
510.18 1.42676488e-07
510.20 1.3824899000000003e-07
510.22 1.3342837239999998e-07
510.24 1.283644799e-07
510.26 1.232252558e-07
510.28 1.181814859e-07
510.30 1.1338658169999999e-07
510.32 1.0895563930000001e-07
510.34 1.049576142e-07
510.36 1.014224953e-07
510.38 9.835228460000001e-08
510.40 9.572683710000001e-08
510.42 9.35022603e-08
510.44 9.16096099e-08
510.46 8.995662699999999e-08
510.48 8.84424982e-08
510.50 8.6976757e-08
510.52 8.55002645e-08
510.54 8.399246799999999e-08
510.56 8.2465679e-08
510.58 8.094709369999999e-08
510.60 7.946247322e-08
510.62 7.802896437e-08
510.64 7.666033785000002e-08
510.66 7.537366724e-08
510.68 7.419284836999999e-08
510.70 7.314184372e-08
510.72 7.223507019000001e-08
510.74 7.147273058000001e-08
510.76 7.084451440999999e-08
510.78 7.033871234999999e-08
510.80 6.994954601e-08
510.82 6.967492045999999e-08
510.84 6.950893321999999e-08
510.86 6.943610296000001e-08
510.88 6.943404479000002e-08
510.90 6.948381674499999e-08
510.92 6.958091386899999e-08
510.94 6.9734635978e-08
510.96 6.9954847676e-08
510.98 7.023728031499999e-08
511.00 7.055634406399999e-08
511.02 7.087612187300001e-08
511.04 7.1172221339e-08
511.06 7.1443544658e-08
511.08 7.1709564496e-08
511.10 7.1989673941e-08
511.12 7.2282155282e-08
511.14 7.256050938859999e-08
511.16 7.278885712089999e-08
511.18 7.29455002916e-08
511.20 7.30347894547e-08
511.22 7.30784487686e-08
511.24 7.30965505912e-08
511.26 7.30934732767e-08
511.28 7.305940243459999e-08
511.30 7.29878648999e-08
511.32 7.28883759855e-08
511.34 7.278802055510001e-08
511.36 7.27187571977e-08
511.38 7.27044411931e-08
511.40 7.275640735164999e-08
511.42 7.288001791352e-08
511.44 7.30842493629e-08
511.46 7.3386656288e-08
511.48 7.381197354e-08
511.50 7.4387248803e-08
511.52 7.5135702655e-08
511.54 7.606408415e-08
511.56 7.715657165899998e-08
511.58 7.838387113099999e-08
511.60 7.9731975761e-08
511.62 8.1226384476e-08
511.64 8.29179415959e-08
511.66 8.482529650420001e-08
511.68 8.68870028848e-08
511.70 8.898233855020001e-08
511.72 9.1021124848e-08
511.74 9.30182052548e-08
511.76 9.507596615999999e-08
511.78 9.727251604650001e-08
511.80 9.953686527079999e-08
511.82 1.0161936604630001e-07
511.84 1.032116314292e-07
511.86 1.0418539710774999e-07
511.88 1.0477601979374e-07
511.90 1.0546107801655e-07
511.92 1.0648613211814001e-07
511.94 1.0742568444965e-07
511.96 1.0737305916926001e-07
511.98 1.058192024409e-07
512.00 1.0338200183375001e-07
512.02 1.013978861219e-07
512.04 1.0052906528413999e-07
512.06 9.985391090350501e-08
512.08 9.76690950176244e-08
512.10 9.33446330192795e-08
512.12 8.81843992196165e-08
512.14 8.41882714196985e-08
512.16 8.19871100195466e-08
512.18 8.02338600192234e-08
512.20 7.710392801882509e-08
512.22 7.22114800184669e-08
512.24 6.69037320182644e-08
512.26 6.28114360183135e-08
512.28 6.033018801867351e-08
512.30 5.85045800193547e-08
512.32 5.61311500203141e-08
512.34 5.2824156021460096e-08
512.36 4.91672500226651e-08
512.38 4.60893980237862e-08
512.40 4.41325000246888e-08
512.42 4.31065080252706e-08
512.44 4.2265256025482097e-08
512.46 4.08568020253381e-08
512.48 3.8694070024919e-08
512.50 3.63072800243597e-08
512.52 3.44974320238289e-08
512.54 3.36287620235005e-08
512.56 3.3295998023523404e-08
512.58 3.26792840239928e-08
512.60 3.1255822024930405e-08
512.62 2.92009140262765e-08
512.64 2.71493320278953e-08
512.66 2.5608946029596397e-08
512.68 2.45929380311658e-08
512.70 2.3740050032404902e-08
512.72 2.2704000033168102e-08
512.74 2.1411868033393097e-08
512.76 2.00191940331165e-08
512.78 1.8706528032473098e-08
512.80 1.75503380316759e-08
512.82 1.65449600309809e-08
512.84 1.5683922030641998e-08
512.86 1.4992440030863e-08
512.88 1.4498834031755399e-08
512.90 1.42010900333121e-08
512.92 1.40673880354012e-08
512.94 1.40575700377847e-08
512.96 1.4135678040158598e-08
512.98 1.4268700042208301e-08
513.00 1.4427028043669e-08
513.02 1.4594316044379098e-08
513.04 1.4776252044318e-08
513.06 1.49941300436179e-08
513.08 1.52665140425489e-08
513.10 1.55949680414744e-08
513.12 1.59646640407866e-08
513.14 1.6355704040830104e-08
513.16 1.6751831241830298e-08
513.18 1.7139778443840598e-08
513.20 1.75024776467228e-08
513.22 1.78160158501632e-08
513.24 1.80570278537261e-08
513.26 1.8217039256932998e-08
513.28 1.83155271993555e-08
513.30 1.8402596540704398e-08
513.32 1.8543522200897402e-08
513.34 1.87875900000913e-08
513.36 1.91477231586673e-08
513.38 1.9627175893168503e-08
513.40 2.0277353506199396e-08
513.42 2.11961529503046e-08
513.44 2.24109135198533e-08
513.46 2.3748894932952696e-08
513.48 2.4869088693409497e-08
513.50 2.5467631986750898e-08
513.52 2.54640045815035e-08
513.54 2.5009959024120197e-08
513.56 2.43600684761324e-08
513.58 2.3723264110298696e-08
513.60 2.31673789547168e-08
513.62 2.2625200907870202e-08
513.64 2.20218318851949e-08
513.66 2.1408099781568e-08
513.68 2.09255310525376e-08
513.70 2.0619927679725294e-08
513.72 2.03257680672399e-08
513.74 1.97541895039444e-08
513.76 1.86818101082091e-08
513.78 1.7079089422571e-08
513.80 1.5120167953095e-08
513.82 1.3085226405812e-08
513.84 1.120694519418e-08
513.86 9.574924361106999e-09
513.88 8.178043746694999e-09
513.90 7.006643181669e-09
513.92 6.079602580460999e-09
513.94 5.395659941777e-09
513.96 4.91385530148e-09
513.98 4.587668692248e-09
514.00 4.383482126775e-09
514.02 4.266193601692e-09
514.04 4.202421107206e-09
514.06 4.18099863494e-09
514.08 4.196658179809001e-09
514.10 4.210021739326001e-09
514.12 4.161551312256e-09
514.14 4.039512898230999e-09
514.16 3.898678497678999e-09
514.18 3.7884121118e-09
514.20 3.689663742223e-09
514.22 3.553461390673e-09
514.24 3.3833810583180003e-09
514.26 3.2441767452930003e-09
514.28 3.1905764504059997e-09
514.30 3.2158921710960003e-09
514.32 3.2762239039250002e-09
514.34 3.3426336449789996e-09
514.36 3.4193993909319997e-09
514.38 3.525601139724e-09
514.40 3.6705748911929993e-09
514.42 3.842422647169e-09
514.44 4.015176411053e-09
514.46 4.167184187243e-09
514.48 4.2855019798999995e-09
514.50 4.348447791574001e-09
514.52 4.322391621976e-09
514.54 4.2024494678619995e-09
514.56 4.0476193234979996e-09
514.58 3.936483181584999e-09
514.60 3.874037034854e-09
514.62 3.775208878461e-09
514.64 3.567050711464e-09
514.66 3.286056536696e-09
514.68 3.042996359908e-09
514.70 2.9031101899199998e-09
514.72 2.833598036426e-09
514.74 2.7631919050639997e-09
514.76 2.655317795073e-09
514.78 2.5141177035179997e-09
514.80 2.355267627985e-09
514.82 2.1984135610600003e-09
514.84 2.07313948848e-09
514.86 2.00664740258e-09
514.88 2.00426331358e-09
514.90 2.0507552397299995e-09
514.92 2.12566919828e-09
514.94 2.20961122191e-09
514.96 2.28290136632e-09
514.98 2.3302076804700003e-09
515.00 2.3465062018300002e-09
515.02 2.3340510201599997e-09
515.04 2.2957442945000003e-09
515.06 2.23395735446e-09
515.08 2.14953429251e-09
515.10 2.0357279655399995e-09
515.12 1.8775897873e-09
515.14 1.6643189648399998e-09
515.16 1.4037156495800001e-09
515.18 1.1237419679600001e-09
515.20 8.6153530842e-10
515.22 6.497317157999998e-10
515.24 5.0575020166e-10
515.26 4.2666200831999996e-10
515.28 3.9331376099999995e-10
515.30 3.82248709e-10
515.32 3.7570617299999997e-10
515.34 3.6295587e-10
515.36 3.37115595e-10
515.38 2.94849653e-10
515.40 2.3865257099999996e-10
515.42 1.7647593800000001e-10
515.44 1.17807632e-10
515.46 7.0136478e-11
515.48 3.783854e-11
515.50 2.191556e-11
515.52 1.957713e-11
515.54 2.494563e-11
515.56 3.153495e-11
515.58 3.490959e-11
515.60 3.37756e-11
515.62 2.9457159999999996e-11
515.64 2.467454e-11
515.66 2.231148e-11
515.68 2.459302e-11
515.70 3.2896176e-11
515.72 4.8001634e-11
515.74 7.075070800000001e-11
515.76 1.0375576e-10
515.78 1.53905988e-10
515.80 2.32330036e-10
515.82 3.4783007e-10
515.84 4.963071600000001e-10
515.86 6.575919119999999e-10
515.88 8.09057962e-10
515.90 9.479118176000001e-10
515.92 1.0978917392e-09
515.94 1.2848964844e-09
515.96 1.4986798826e-09
515.98 1.6807188254e-09
516.00 1.7593900264000002e-09
516.02 1.706015214e-09
516.04 1.5590614276e-09
516.06 1.3920043771999999e-09
516.08 1.2555641688000001e-09
516.10 1.1485652094e-09
516.12 1.0387165310000001e-09
516.14 9.047811119799999e-10
516.16 7.5820949104e-10
516.18 6.313383642e-10
516.20 5.528616374e-10
516.22 5.3397813216e-10
516.24 5.6821540866e-10
516.26 6.350114004e-10
516.28 7.0366378736e-10
516.30 7.4322947566e-10
516.32 7.381635816240001e-10
516.34 6.97381051598e-10
516.36 6.461767255039999e-10
516.38 6.0706316468e-10
516.40 5.8646248635e-10
516.42 5.7650732264e-10
516.44 5.6616116295e-10
516.46 5.50524938224e-10
516.48 5.33124808222e-10
516.50 5.228506977119999e-10
516.52 5.29035252448e-10
516.54 5.566109302379999e-10
516.56 6.01933356634e-10
516.58 6.50962152528e-10
516.60 6.83445918782e-10
516.62 6.84227873206e-10
516.64 6.54465433084e-10
516.66 6.11766871746e-10
516.68 5.77879416402e-10
516.70 5.65836446558e-10
516.72 5.773214549320001e-10
516.74 6.070429846068001e-10
516.76 6.451398484437999e-10
516.78 6.77952772055e-10
516.80 6.939110365852e-10
516.82 6.927077536544001e-10
516.84 6.868291919248e-10
516.86 6.911902082252e-10
516.88 7.105011639648e-10
516.90 7.361461619122e-10
516.92 7.539810945242001e-10
516.94 7.553011972716e-10
516.96 7.424857317740001e-10
516.98 7.258381123600001e-10
517.00 7.156482033130001e-10
517.02 7.180648524182e-10
517.04 7.373477134496e-10
517.06 7.757499565270001e-10
517.08 8.248967738104e-10
517.10 8.609059512256e-10
517.12 8.597263686494e-10
517.14 8.224386261143999e-10
517.16 7.781724037016e-10
517.18 7.557063413917999e-10
517.20 7.575856591236e-10
517.22 7.68829476899e-10
517.24 7.83544314755e-10
517.26 8.082023926894e-10
517.28 8.384762706736001e-10
517.30 8.505655487023999e-10
517.32 8.279918067909999e-10
517.34 7.879814249402e-10
517.36 7.660001031378e-10
517.38 7.75814121378e-10
517.40 7.983523196664e-10
517.42 8.114579980036e-10
517.44 8.167902363840001e-10
517.46 8.297074748036e-10
517.48 8.525572732638e-10
517.50 8.708837917648e-10
517.52 8.750580103034e-10
517.54 8.741512688776e-10
517.56 8.825588074866001e-10
517.58 8.996904461302001e-10
517.60 9.118398248067999e-10
517.62 9.125465235146e-10
517.64 9.12377402253e-10
517.66 9.261203610214e-10
517.68 9.561631798188e-10
517.70 9.918345586436e-10
517.72 1.0209002374954e-09
517.74 1.0369986563734e-09
517.76 1.0370647752766001e-09
517.78 1.0164704742044e-09
517.80 9.703423131558e-10
517.82 8.994835721304e-10
517.84 8.124496711274e-10
517.86 7.200060301458e-10
517.88 6.283541491854e-10
517.90 5.387431682454001e-10
517.92 4.521579673252e-10
517.94 3.719274864244e-10
517.96 3.017079455422e-10
517.98 2.428711046782e-10
518.00 1.9461582383180002e-10
518.02 1.555231630026e-10
518.04 1.242583821902e-10
518.06 9.94860013938e-11
518.08 7.99746806134e-11
518.10 6.48167398482e-11
518.12 5.3345199098199996e-11
518.14 4.4992898362599995e-11
518.16 3.92902376412e-11
518.18 3.56767569336e-11
518.20 3.32016562394e-11
518.22 3.0783935558200004e-11
518.24 2.8002714889799997e-11
518.26 2.5394384234000002e-11
518.28 2.3831123590199996e-11
518.30 2.38199429582e-11
518.32 2.54223323376e-11
518.34 2.84033717284e-11
518.36 3.215136113e-11
518.38 3.5711380542399996e-11
518.40 3.83524299652e-11
518.42 4.02845093982e-11
518.44 4.26899388412e-11
518.46 4.69365982936e-11
518.48 5.4079197755799996e-11
518.50 6.5747167227e-11
518.52 8.53205467074e-11
518.54 1.168926061964e-10
518.56 1.627278256942e-10
518.58 2.239305452002e-10
518.60 3.0482763471459997e-10
518.62 4.11972894237e-10
518.64 5.410210037672e-10
518.66 6.634069133052e-10
518.68 7.347507428506e-10
518.70 7.263861424034e-10
518.72 6.503419419632001e-10
518.74 5.498562415302e-10
518.76 4.703721411039999e-10
518.78 4.582865406846e-10
518.80 6.024218402718001e-10
518.82 1.0658291398653999e-09
518.84 2.0501112394652002e-09
518.86 3.7207952390712e-09
518.88 6.2005276386834e-09
518.90 9.6912160383014e-09
518.92 1.46152480379252e-08
518.94 2.1519810637554598e-08
518.96 3.0620642837189596e-08
518.98 4.1313056336829996e-08
519.00 5.2261865936475797e-08
519.02 6.22253255361268e-08
519.04 7.0932332635783e-08
519.06 7.91915648354442e-08
519.08 8.81530054351102e-08
519.10 9.83669050347812e-08
519.12 1.092691017344568e-07
519.14 1.1936865493413698e-07
519.16 1.2707890473382177e-07
519.18 1.3173182283351101e-07
519.20 1.341031146332048e-07
519.22 1.3614769273290262e-07
519.24 1.402291019326048e-07
519.26 1.48098794132311e-07
519.28 1.596209104320214e-07
519.30 1.718201103317356e-07
519.32 1.797013027314538e-07
519.34 1.7935444503117577e-07
519.36 1.7114764753090157e-07
519.38 1.5985766103063122e-07
519.40 1.515142149303642e-07
519.42 1.501266310301008e-07
519.44 1.56756923129841e-07
519.46 1.700942244295846e-07
519.48 1.8691565252933163e-07
519.50 2.029091272290818e-07
519.52 2.147259940288352e-07
519.54 2.21839233328592e-07
519.56 2.2608212802835182e-07
519.58 2.292310171281148e-07
519.60 2.311308156278806e-07
519.62 2.2978425752764959e-07
519.64 2.2312315222742139e-07
519.66 2.113429041271962e-07
519.68 1.980472469269736e-07
519.70 1.8854695962675402e-07
519.72 1.86210003826537e-07
519.74 1.905623864263228e-07
519.76 1.988521382261112e-07
519.78 2.0796017222590218e-07
519.80 2.138500922256956e-07
519.82 2.113606733254916e-07
519.84 1.979361619252902e-07
519.86 1.777872739250912e-07
519.88 1.597080936248944e-07
519.90 1.497043484247002e-07
519.92 1.471231198245082e-07
519.94 1.4787488052431838e-07
519.96 1.487982181241308e-07
519.98 1.4801353202394558e-07
520.00 1.439165046237624e-07
520.02 1.3638460402358138e-07
520.04 1.2796004132340258e-07
520.06 1.2181113292322582e-07
520.08 1.1864767502305099e-07
520.10 1.166397271228782e-07
520.12 1.140119790227074e-07
520.14 1.107462351225384e-07
520.16 1.0778062122237159e-07
520.18 1.053106438222064e-07
520.20 1.0235547462204319e-07
520.22 9.796966512188179e-08
520.24 9.24687786217222e-08
520.26 8.704003952156439e-08
520.28 8.23498635214084e-08
520.30 7.816293842125399e-08
520.32 7.42624840211014e-08
520.34 7.09716483209504e-08
520.36 6.856465502080101e-08
520.38 6.68107777206532e-08
520.40 6.5391124920507e-08
520.42 6.43351907203626e-08
520.44 6.38325268202196e-08
520.46 6.392595482007801e-08
520.48 6.451979451993804e-08
520.50 6.544621361979953e-08
520.52 6.644295791966249e-08
520.54 6.72373844195269e-08
520.56 6.765824841939272e-08
520.58 6.755316761925996e-08
520.60 6.669542551912856e-08
520.62 6.494193071899854e-08
520.64 6.241833011886985e-08
520.66 5.9407336718742474e-08
520.68 5.6126503218616445e-08
520.70 5.272631761849166e-08
520.72 4.942060771836816e-08
520.74 4.6463395718245916e-08
520.76 4.401346731812492e-08
520.78 4.209847461800512e-08
520.80 4.067607731788654e-08
520.82 3.965326411776914e-08
520.84 3.8861132817652903e-08
520.86 3.8072118417537814e-08
520.88 3.7062693817423875e-08
520.90 3.566961181731106e-08
520.92 3.382402581719936e-08
520.94 3.1565381017088755e-08
520.96 2.900639881697922e-08
520.98 2.626481341687076e-08
521.00 2.342427341676334e-08
521.02 2.056004441665696e-08
521.04 1.77674907165516e-08
521.06 1.514661551644726e-08
521.08 1.27654477e-08
521.10 1.06496091e-08
521.12 8.7997386e-09
521.14 7.2066066e-09
521.16 5.8542202000000006e-09
521.18 4.7216407e-09
521.20 3.7862981e-09
521.22 3.0243309e-09
521.24 2.4087655e-09
521.26 1.9120068e-09
521.28 1.5112627e-09
521.30 1.1900066e-09
521.32 9.350822e-10
521.34 7.343332000000001e-10
521.36 5.770129e-10
521.38 4.546232e-10
521.40 3.60364e-10
521.42 2.881887e-10
521.44 2.325242e-10
521.46 1.8861649999999999e-10
521.48 1.5323319999999998e-10
521.50 1.25346e-10
521.52 1.059076e-10
521.54 9.61909e-11
521.56 9.55751e-11
521.58 1.003989e-10
521.60 1.0488448e-10
521.62 1.0388136e-10
521.64 9.580196e-11
521.66 8.347548000000001e-11
521.68 7.200184e-11
521.70 6.538830000000001e-11
521.72 6.4772236e-11
521.74 6.9112414e-11
521.76 7.67622e-11
521.78 8.6032434e-11
521.80 9.459494199999999e-11
521.82 9.924459799999999e-11
521.84 9.7345653e-11
521.86 8.923487720000001e-11
521.88 7.90667772e-11
521.90 7.24801508e-11
521.92 7.256715540000001e-11
521.94 7.7656959e-11
521.96 8.297717078e-11
521.98 8.467345592e-11
522.00 8.257453309999999e-11
522.02 7.96425246e-11
522.04 7.931832768e-11
522.06 8.323795655999999e-11
522.08 9.040414412e-11
522.10 9.767049364e-11
522.12 1.0143079326000001e-10
522.14 9.98265574e-11
522.16 9.369147086e-11
522.18 8.543183293999999e-11
522.20 7.751606516000001e-11
522.22 7.223717516e-11
522.24 7.205204314e-11
522.26 7.901128802e-11
522.28 9.323910845999999e-11
522.30 1.114418517e-10
522.32 1.2673281976000002e-10
522.34 1.3133778073999998e-10
522.36 1.2186672918e-10
522.38 1.02951684e-10
522.40 8.483454976e-11
522.42 7.628131448e-11
522.44 7.921097394e-11
522.46 8.920953512e-11
522.48 1.0016850118e-10
522.50 1.084084679e-10
522.52 1.1342443285999999e-10
522.54 1.1602739842e-10
522.56 1.1673936624e-10
522.58 1.1594733497999999e-10
522.60 1.1447830342000001e-10
522.62 1.1318927228e-10
522.64 1.1239824234e-10
522.66 1.1201921318e-10
522.68 1.1150518428e-10
522.70 1.095631558e-10
522.72 1.0525112806e-10
522.74 1.0013910098000001e-10
522.76 9.865847432e-11
522.78 1.056630481e-10
522.80 1.2317702241999998e-10
522.82 1.4767599730000001e-10
522.84 1.69139972614e-10
522.86 1.75267948354e-10
522.88 1.60843924562e-10
522.90 1.33689901236e-10
522.92 1.09163878326e-10
522.94 9.8294155822e-11
522.96 1.02002833728e-10
522.98 1.14945812042e-10
523.00 1.31756790742e-10
523.02 1.4948476981600002e-10
523.04 1.66441749258e-10
523.06 1.80061729068e-10
523.08 1.86407709228e-10
523.10 1.8287668973e-10
523.12 1.71551670568e-10
523.14 1.58601651738e-10
523.16 1.50094633226e-10
523.18 1.49086615028e-10
523.20 1.5534859713600002e-10
523.22 1.65465579546e-10
523.24 1.74083562246e-10
523.26 1.78269545234e-10
523.28 1.815545285e-10
523.30 1.9248351204200002e-10
523.32 2.1823849585e-10
523.34 2.5702447991999996e-10
523.36 2.93009464246e-10
523.38 3.01412448822e-10
523.40 2.68130433644e-10
523.42 2.08437418706e-10
523.44 1.59732404004e-10
523.46 1.50677389532e-10
523.48 1.81004375284e-10
523.50 2.32916361256e-10
523.52 2.9415934744399996e-10
523.54 3.64082333844e-10
523.56 4.43371320452e-10
523.58 5.269303072619999e-10
523.60 6.070972942699999e-10
523.62 6.78150281474e-10
523.64 7.34574268868e-10
523.66 7.664712564480001e-10
523.68 7.60882244214e-10
523.70 7.117182321579999e-10
523.72 6.28825220278e-10
523.74 5.338662085699999e-10
523.76 4.44956197032e-10
523.78 3.6645218566000004e-10
523.80 2.93856174452e-10
523.82 2.25063163402e-10
523.84 1.6400115251e-10
523.86 1.1542214177199999e-10
523.88 7.9947031184e-11
523.90 5.4664520744e-11
523.92 3.6394610448e-11
523.94 2.3324700296e-11
523.96 1.4539690284e-11
523.98 9.162740408e-12
524.00 6.104630668000001e-12
524.02 4.31512106e-12
524.04 3.1145615820000003e-12
524.06 2.26890223e-12
524.08 1.7510030040000001e-12
524.10 1.473483902e-12
524.12 1.27072492e-12
524.14 1.045446056e-12
524.16 8.1847931e-13
524.18 6.36310678e-13
524.20 4.98164158e-13
524.22 3.8025575e-13
524.24 2.7735444800000003e-13
524.26 1.96980254e-13
524.28 1.38174166e-13
524.30 9.357728e-14
524.32 6.043909599999999e-14
524.34 3.885321e-14
524.36 2.5588924e-14
524.38 1.6141234e-14
524.40 9.202928000000001e-15
524.42 5.337084e-15
524.44 3.724314e-15
524.46 2.687042e-15
524.48 1.729568e-15
524.50 1.259938e-15
524.52 1.22826e-15
524.54 1.171736e-15
524.56 9.98301e-16
524.58 9.274432e-16
524.60 9.70966e-16
524.62 9.59513e-16
524.64 8.764404e-16
524.66 8.370808999999999e-16
524.68 8.574038e-16
524.70 8.57115e-16
524.72 8.176067e-16
524.74 7.9124122e-16
524.76 7.957673e-16
524.78 7.982189e-16
524.80 7.825517000000001e-16
524.82 7.6723189e-16
524.84 7.6409528e-16
524.86 7.629505e-16
524.88 7.5537041e-16
524.90 7.4636748e-16
524.92 7.4119231e-16
524.94 7.3728975e-16
524.96 7.3146329e-16
524.98 7.250065000000001e-16
525.00 7.197614499999999e-16
525.02 7.1497706e-16
525.04 7.0956652e-16
525.06 7.0399442e-16
525.08 6.989313899999999e-16
525.10 6.9406510000000005e-16
525.12 6.8895753e-16
525.14 6.838060500000001e-16
525.16 6.789072099999999e-16
525.18 6.7414244e-16
525.20 6.693097400000001e-16
525.22 6.6446381e-16
525.24 6.5974582e-16
525.26 6.5512701e-16
525.28 6.505161100000001e-16
525.30 6.4592329999999995e-16
525.32 6.4140009e-16
525.34 6.3694606e-16
525.36 6.3253184e-16
525.38 6.2814934e-16
525.40 6.2381773e-16
525.42 6.195408300000001e-16
525.44 6.1530563e-16
525.46 6.111091e-16
525.48 6.0695737e-16
525.50 6.028524100000001e-16
525.52 5.9879059e-16
525.54 5.9476658e-16
525.56 5.9078436e-16
525.58 5.8684473e-16
525.60 5.829444400000001e-16
525.62 5.7908287e-16
525.64 5.7525869e-16
525.66 5.7147426e-16
525.68 5.6772909e-16
525.70 5.640188899999999e-16
525.72 5.603478799999999e-16
525.74 5.5671218e-16
525.76 5.5311162e-16
525.78 5.495460599999999e-16
525.80 5.460155300000001e-16
525.82 5.4252008e-16
525.84 5.3905964e-16
525.86 5.3563014e-16
525.88 5.322355600000001e-16
525.90 5.2887191e-16
525.92 5.2554116e-16
525.94 5.2224325e-16
525.96 5.189761799999999e-16
525.98 5.1573992e-16
526.00 5.125344600000001e-16
526.02 5.0935776e-16
526.04 5.0621181e-16
526.06 5.0309459e-16
526.08 5.0000808e-16
526.10 4.9694826e-16
526.12 4.939171e-16
526.14 4.9091461e-16
526.16 4.8794075e-16
526.18 4.849915099999999e-16
526.20 4.8207088e-16
526.22 4.7917684e-16
526.24 4.763093700000001e-16
526.26 4.734664599999999e-16
526.28 4.706501e-16
526.30 4.6785827e-16
526.32 4.650909600000001e-16
526.34 4.6235016e-16
526.36 4.5963386e-16
526.38 4.5694004e-16
526.40 4.542706900000001e-16
526.42 4.516238e-16
526.44 4.4900136000000005e-16
526.46 4.464013700000001e-16
526.48 4.438258e-16
526.50 4.4127065e-16
526.52 4.3873791000000004e-16
526.54 4.3622757000000003e-16
526.56 4.3373963e-16
526.58 4.3127207e-16
526.60 4.2882488000000004e-16
526.62 4.2640006e-16
526.64 4.2399559e-16
526.66 4.2161148e-16
526.68 4.1924771e-16
526.70 4.1690428e-16
526.72 4.1457917000000002e-16
526.74 4.1227438e-16
526.76 4.0998991e-16
526.78 4.0772374999999996e-16
526.80 4.0547589e-16
526.82 4.0324631999999997e-16
526.84 4.0103705e-16
526.86 3.9884405e-16
526.88 3.9666933999999997e-16
526.90 3.9451289e-16
526.92 3.9237471000000004e-16
526.94 3.902548e-16
526.96 3.8815113e-16
526.98 3.8606372e-16
527.00 3.8399256e-16
527.02 3.8193963e-16
527.04 3.7990294000000003e-16
527.06 3.7788249000000003e-16
527.08 3.7587825999999997e-16
527.10 3.7389025e-16
527.12 3.7191846999999997e-16
527.14 3.6996089e-16
527.16 3.6802153e-16
527.18 3.6609437e-16
527.20 3.6418342e-16
527.22 3.6228866999999996e-16
527.24 3.6040810999999997e-16
527.26 3.5854174000000004e-16
527.28 3.5668956e-16
527.30 3.5485156e-16
527.32 3.5302975e-16
527.34 3.5122012e-16
527.36 3.4942464999999997e-16
527.38 3.4764337e-16
527.40 3.4587625e-16
527.42 3.4412329e-16
527.44 3.423825e-16
527.46 3.4065387e-16
527.48 3.389394e-16
527.50 3.3723908e-16
527.52 3.3555091e-16
527.54 3.3387489e-16
527.56 3.3221102e-16
527.58 3.3055929e-16
527.60 3.2892171e-16
527.62 3.2729626e-16
527.64 3.2568095e-16
527.66 3.2407978e-16
527.68 3.2248873999999997e-16
527.70 3.2090983e-16
527.72 3.1934304999999997e-16
527.74 3.1778839e-16
527.76 3.1624386000000003e-16
527.78 3.1471145000000002e-16
527.80 3.1318915999999997e-16
527.82 3.1167899e-16
527.84 3.1017894e-16
527.86 3.08691e-16
527.88 3.0721317e-16
